eps1        epsv      eps3             epsq       Void ratio    q           p          eta = q/p  
[%]         [%]       [%]              [%]        [%]           [kPa]       [kPa]      [-]

0	0	0	0	0.816769337	1.42530	101.03944	0.01411
0.028744877	0.021403664	-0.003670606	0.021610322	0.816380482	9.66480	103.84691	0.09307
0.080602289	0.03629317	-0.022154559	0.068504565	0.816109974	25.45417	109.12057	0.23327
0.088277579	0.034897279	-0.02669015	0.076645153	0.816135334	25.57150	109.12899	0.23432
0.087883975	0.035362576	-0.026260699	0.076096449	0.816126881	24.67902	108.80146	0.22683
0.088179178	0.035827873	-0.026175653	0.076236554	0.816118427	24.21890	108.60703	0.22300
0.117207521	0.065606884	-0.025800318	0.095338559	0.815577411	37.24162	112.91774	0.32981
0.162570456	0.094920598	-0.033824929	0.130930257	0.815044849	51.02903	117.49362	0.43431
0.232730484	0.1419156	-0.045407442	0.185425284	0.814191058	68.68038	123.33602	0.55686
0.321980337	0.171229314	-0.075375512	0.264903899	0.813658495	88.89361	130.10396	0.68325
0.37728179	0.193098275	-0.092091757	0.312915698	0.813261187	100.07675	133.81168	0.74789
0.433370452	0.21124486	-0.111062796	0.362955498	0.812931505	110.09887	137.12186	0.80293
0.486408678	0.227995554	-0.129206562	0.41041016	0.812627184	119.18771	140.08030	0.85085
0.535904462	0.241954465	-0.146974998	0.455252973	0.812373583	127.52720	142.86029	0.89267
0.59169792	0.254517485	-0.168590217	0.506858758	0.812145341	135.21697	145.40331	0.92994
0.647786582	0.26475402	-0.191516281	0.559535242	0.811959367	142.34587	147.78948	0.96317
0.702891232	0.274525258	-0.214182987	0.611382813	0.811781846	149.17550	150.14716	0.99353
0.761735127	0.281970011	-0.239882558	0.667745123	0.811646592	155.49447	152.26360	1.02122
0.812706928	0.288949467	-0.261878731	0.716390439	0.811519792	161.55325	154.23243	1.04747
0.86367873	0.293602437	-0.285038146	0.765811251	0.811435258	167.25477	156.20403	1.07075
0.920751403	0.296859517	-0.311945943	0.821798231	0.811376084	172.73651	158.08188	1.09270
0.966311141	0.299651299	-0.333329921	0.866427374	0.811325364	178.02170	159.81308	1.11394
1.020726983	0.30104719	-0.359839896	0.92037792	0.811300004	182.89021	161.42621	1.13296
1.090493406	0.301512487	-0.39449046	0.989989244	0.811291551	187.54894	162.91790	1.15119
1.13654515	0.300581893	-0.417981628	1.036351185	0.811308457	192.16221	164.47614	1.16833
1.199325091	0.298255408	-0.450534841	1.099906621	0.811350724	196.41558	165.83329	1.18442
1.247640061	0.294067734	-0.476786163	1.149617483	0.811426805	200.58852	167.19391	1.19974
1.305893548	0.288018873	-0.508937338	1.209887257	0.811536699	204.55932	168.56828	1.21351
1.365918257	0.281504714	-0.542206771	1.272083352	0.811655046	208.30149	169.82612	1.22656
1.423384535	0.273594664	-0.574894935	1.332186313	0.811798753	211.99548	171.08789	1.23910
1.475438749	0.26475402	-0.605342364	1.387187409	0.811959367	215.54871	172.22153	1.25158
1.534085841	0.254982782	-0.639551529	1.44909158	0.812136888	218.98980	173.39950	1.26292
1.58062959	0.245676841	-0.667476374	1.49873731	0.812305956	222.22722	174.53879	1.27323
1.633569415	0.238697386	-0.697436015	1.55400362	0.812432756	225.49685	175.60892	1.28409
1.685328426	0.230322039	-0.727503194	1.608554413	0.812584917	228.58951	176.62960	1.29417
1.74328671	0.220550801	-0.761367954	1.669769776	0.812762438	231.57878	177.58538	1.30404
1.803016215	0.21124486	-0.795885677	1.732601261	0.812931505	234.37940	178.49876	1.31306
1.851134383	0.201008325	-0.825063029	1.784131608	0.813117479	237.24702	179.51544	1.32160
1.903582201	0.189841196	-0.856870503	1.840301803	0.81332036	239.93537	180.43139	1.32979
1.963213305	0.178674067	-0.892269619	1.903655283	0.813523241	242.54805	181.30211	1.33781
2.022647607	0.166111046	-0.92826828	1.967277258	0.813751483	245.06344	182.15062	1.34539
2.071159379	0.154013323	-0.958573028	2.019821605	0.81397127	247.57662	182.95757	1.35319
2.127740047	0.140985006	-0.993377521	2.080745045	0.814207965	249.99140	183.77344	1.36032
2.186288738	0.127026094	-1.029631322	2.143946706	0.814461566	252.21477	184.57496	1.36646
2.239228562	0.113067183	-1.06308069	2.201539502	0.814715167	254.51232	185.33102	1.37329
2.293349201	0.099573568	-1.096887816	2.260158012	0.814960315	256.64254	186.05129	1.37942
2.346485828	0.084684063	-1.130900883	2.318257807	0.815230823	258.72362	186.78605	1.38513
2.405821728	0.070259854	-1.167780937	2.382401777	0.815492878	260.99311	187.54287	1.39165
2.451381466	0.053974458	-1.198703504	2.43338998	0.815788746	262.88681	188.07273	1.39779
2.504419692	0.038619655	-1.232900018	2.491546474	0.816067707	264.68828	188.67264	1.40290
2.571726086	0.022334258	-1.274695914	2.564281333	0.816363575	266.61602	189.36600	1.40794
2.622697888	0.006048862	-1.308324513	2.6206816	0.816659443	268.37898	189.91325	1.41317
2.6745553	-0.010701832	-1.342628566	2.678122577	0.816963765	270.24314	190.53414	1.41834
2.725133497	-0.02838312	-1.376758308	2.734594537	0.817284993	272.04285	191.19534	1.42285
2.779155734	-0.045133814	-1.412144774	2.794200339	0.817589314	273.74323	191.74148	1.42767
2.837212419	-0.063745696	-1.450479057	2.858460984	0.817927449	275.42437	192.32227	1.43210
2.892120267	-0.08189228	-1.487006274	2.919417694	0.818257131	276.97888	192.91194	1.43578
2.946437708	-0.100038865	-1.523238287	2.979783997	0.818586813	278.65752	193.39036	1.44091
2.9966223	-0.119581341	-1.558101821	3.036482747	0.818941854	280.15412	193.86923	1.44507
3.057139014	-0.139589114	-1.598364064	3.103668719	0.819305349	281.67947	194.45914	1.44853
3.121886979	-0.15913159	-1.640509285	3.174930842	0.819660391	283.13752	194.91471	1.45262
3.174236396	-0.179604661	-1.676920528	3.234104617	0.82003234	284.59984	195.44255	1.45618
3.230029855	-0.19868184	-1.714355847	3.296257135	0.820378928	285.96462	195.88728	1.45984
3.283363284	-0.218689613	-1.751026448	3.356259822	0.820742423	287.38502	196.43175	1.46303
3.338861539	-0.240093277	-1.789477408	3.418892631	0.821131278	288.68600	196.87587	1.46634
3.390718951	-0.258239862	-1.824479406	3.476798905	0.82146096	289.96067	197.23978	1.47009
3.45753334	-0.278247635	-1.867890487	3.550282551	0.821824455	291.21822	197.72002	1.47288
3.507422728	-0.299651299	-1.903537014	3.607306495	0.82221331	292.44955	198.04925	1.47665
3.566266623	-0.319659072	-1.942962847	3.672819647	0.822576805	293.65567	198.47194	1.47958
3.622158482	-0.340597439	-1.981377961	3.735690962	0.822957207	294.80395	198.90555	1.48213
3.673130284	-0.362001104	-2.017565694	3.793797318	0.823346062	296.04342	199.29847	1.48543
3.732466184	-0.382939471	-2.057702827	3.860112674	0.823726464	297.07094	199.66121	1.48788
3.781076358	-0.404343135	-2.092709746	3.915857403	0.824115319	298.27832	200.05372	1.49099
3.843265892	-0.427607987	-2.135436939	3.985801887	0.824537988	299.33894	200.40718	1.49365
3.89905935	-0.449942246	-2.174500798	4.049040098	0.82494375	300.37608	200.73298	1.49640
3.968038564	-0.472276504	-2.220157534	4.125464065	0.825349512	301.33470	201.04190	1.49887
4.0219624	-0.494610762	-2.258286581	4.186832654	0.825755274	302.33854	201.39692	1.50121
4.079133475	-0.516479724	-2.297806599	4.251293383	0.826152582	303.32288	201.85726	1.50266
4.132762108	-0.539744576	-2.336253342	4.312676966	0.826575251	304.30357	202.14302	1.50539
4.18550513	-0.561613537	-2.373559334	4.372709643	0.82697256	305.21054	202.46608	1.50747
4.236181728	-0.584413093	-2.41029741	4.430986092	0.827386775	306.08457	202.75783	1.50961
4.287448733	-0.608608539	-2.448028636	4.490318246	0.82782635	307.05600	203.08189	1.51198
4.338715738	-0.631408094	-2.485061916	4.549185103	0.828240566	307.88113	203.41766	1.51354
4.404742917	-0.655138244	-2.529940581	4.623122332	0.828671688	308.80291	203.70484	1.51593
4.466145242	-0.678868393	-2.572506818	4.692434707	0.82910281	309.48420	203.91153	1.51774
4.519970677	-0.702598543	-2.61128461	4.754170192	0.829533932	310.26714	204.24336	1.51911
4.574484921	-0.727259286	-2.650872103	4.816904683	0.829981961	311.07832	204.45294	1.52152
4.628507158	-0.751454733	-2.689980945	4.878992069	0.830421536	311.86478	204.78602	1.52288
4.681938989	-0.775650179	-2.728794584	4.940489048	0.830861112	312.52970	205.08880	1.52388
4.740192476	-0.799380329	-2.769786402	5.006652586	0.831292234	313.25719	205.32134	1.52569
4.795690731	-0.824041072	-2.809865902	5.070371088	0.831740263	313.89367	205.53407	1.52721
4.85069698	-0.848236519	-2.84946675	5.133442486	0.832179838	314.58399	205.74361	1.52901
4.902259189	-0.872897262	-2.887578226	5.193224943	0.832627867	315.30022	206.05385	1.53018
4.962480699	-0.898023303	-2.930252001	5.2618218	0.833084349	315.85471	206.22856	1.53158
5.02270221	-0.922684047	-2.972693128	5.330263559	0.833532378	316.48731	206.46987	1.53285
5.077708459	-0.94734479	-3.012526625	5.393490056	0.833980407	317.06661	206.64290	1.53437
5.132321104	-0.972470831	-3.052395967	5.456478047	0.834436889	317.68776	206.81975	1.53606
5.184080114	-0.997596871	-3.090838493	5.516612405	0.834893371	318.21344	207.01538	1.53715
5.246368049	-1.023188209	-3.134778129	5.587430786	0.835358307	318.79612	207.19932	1.53860
5.300980694	-1.047848953	-3.174414823	5.650263678	0.835806336	319.25087	207.38086	1.53944
5.355101333	-1.072974993	-3.214038163	5.712759664	0.836262818	319.92031	207.66498	1.54056
5.410501186	-1.099496925	-3.254999056	5.777000161	0.83674466	320.39868	207.82484	1.54168
5.46924668	-1.124622966	-3.296934823	5.844121001	0.837201142	320.81735	208.00439	1.54236
5.5217929	-1.150214303	-3.336003601	5.905197667	0.837666078	321.22874	208.13181	1.54339
5.57601194	-1.176736235	-3.376374087	5.968257351	0.83814792	321.74224	208.24241	1.54504
5.630821386	-1.203258167	-3.417039776	6.031907442	0.838629763	322.20103	208.48668	1.54543
5.69468374	-1.23117599	-3.462929865	6.105075736	0.839136965	322.59759	208.60858	1.54643
5.751756413	-1.256767327	-3.50426187	6.170678856	0.839601901	323.07509	208.73755	1.54776
5.808730686	-1.282358665	-3.545544675	6.236183574	0.840066836	323.41476	208.88130	1.54832
5.863638534	-1.308880597	-3.586259565	6.299932066	0.840548678	323.89454	209.04123	1.54943
5.917463969	-1.335867825	-3.626665897	6.362753244	0.841038974	324.23011	209.17390	1.55005
5.970305393	-1.362389757	-3.666347575	6.424435312	0.841520816	324.64656	209.27190	1.55131
6.020981991	-1.388911689	-3.70494684	6.483952554	0.842002659	324.91589	209.48371	1.55103
6.072544199	-1.414968324	-3.743756261	6.544200307	0.842476048	325.26821	209.57070	1.55207
6.13020728	-1.441024958	-3.785616119	6.610548932	0.842949437	325.49627	209.67749	1.55237
6.195152046	-1.46754689	-3.831349468	6.684334343	0.843431279	325.85855	209.80862	1.55312
6.24720626	-1.493603525	-3.870404892	6.745074102	0.843904668	325.99388	209.83300	1.55359
6.304475736	-1.519660159	-3.912067948	6.811029123	0.844378057	326.22952	209.93170	1.55398
6.356037945	-1.545716794	-3.950877369	6.871276876	0.844851446	326.58620	209.98995	1.55525
6.415669048	-1.572704023	-3.994186536	6.939903723	0.845341742	326.81751	210.12811	1.55533
6.467329658	-1.599225955	-4.033277806	7.000404976	0.845823584	327.08588	210.22777	1.55586
6.522139105	-1.625747886	-4.073943496	7.064055067	0.846305426	327.24086	210.27951	1.55622
6.581278203	-1.652269818	-4.11677401	7.132034809	0.846787269	327.49854	210.41576	1.55644
6.630281981	-1.678326453	-4.154304217	7.189724132	0.847260657	327.75020	210.54038	1.55671
6.69207791	-1.705778979	-4.198928444	7.260670903	0.847759407	327.99397	210.67241	1.55689
6.746001746	-1.73230091	-4.239151328	7.323435383	0.848241249	328.13254	210.65787	1.55766
6.80218881	-1.758822842	-4.280505826	7.38846309	0.848723091	328.44813	210.77343	1.55830
6.856407849	-1.785344774	-4.320876312	7.451522774	0.849204934	328.55912	210.85141	1.55825
6.917908575	-1.811866706	-4.36488764	7.521864144	0.849686776	328.82069	210.90856	1.55907
6.969962789	-1.838853934	-4.404408362	7.582914101	0.850177072	329.01234	211.06419	1.55883
7.02762587	-1.864445272	-4.446035571	7.649107627	0.850642007	329.17963	211.10983	1.55928
7.09030741	-1.891432501	-4.490869955	7.72078491	0.851132303	329.33237	211.14034	1.55978
7.145805665	-1.917954433	-4.531880049	7.785123809	0.851614145	329.54495	211.30270	1.55959
7.202287931	-1.945406959	-4.573847445	7.850756917	0.852112894	329.71680	211.25803	1.56073
7.260049413	-1.97192889	-4.615989151	7.917359043	0.852594737	329.89483	211.35811	1.56083
7.318499702	-1.997520228	-4.658009965	7.984339778	0.853059672	330.08947	211.36226	1.56172
7.379114818	-2.023576863	-4.70134584	8.053640439	0.853533061	330.08192	211.40064	1.56140
7.431956241	-2.050564091	-4.741260166	8.115477605	0.854023357	330.36597	211.50561	1.56197
7.493752171	-2.07755132	-4.785651745	8.186269277	0.854513652	330.21669	211.44556	1.56171
7.540886327	-2.104538549	-4.822712438	8.242399176	0.855003948	330.56154	211.56043	1.56249
7.596384582	-2.132456372	-4.864420477	8.307203372	0.855511151	330.60606	211.65681	1.56199
7.657688505	-2.159443601	-4.908566053	8.377503039	0.856001446	330.67398	211.75063	1.56162
7.708758708	-2.185034938	-4.946896823	8.437103687	0.856466382	330.71604	211.73371	1.56194
7.768881817	-2.212487464	-4.990684641	8.506377639	0.856965131	330.88543	211.86086	1.56181
7.827430508	-2.238544099	-5.032987304	8.573611875	0.85743852	330.87335	211.87732	1.56163
7.885979199	-2.265066031	-5.075522615	8.641001209	0.857920362	330.88430	211.85060	1.56188
7.937639809	-2.292053259	-5.114846534	8.701657562	0.858410658	331.00927	211.90271	1.56208
7.991170041	-2.318109894	-5.154639967	8.763873339	0.858884047	331.03892	211.91268	1.56215
8.0470619	-2.345097123	-5.196079512	8.828760941	0.859374343	331.10633	212.03676	1.56155
8.097738498	-2.371153758	-5.234446128	8.888123084	0.859847732	331.17854	212.03047	1.56194
8.15215434	-2.398140986	-5.275147663	8.951534669	0.860338027	331.27514	212.09345	1.56193
8.211293438	-2.424197621	-5.31774553	9.019359312	0.860811416	331.15915	212.04466	1.56174
8.267185298	-2.45118485	-5.359185074	9.084246914	0.861301712	331.34027	212.12503	1.56200
8.324651576	-2.478172079	-5.401411827	9.150708936	0.861792008	331.32557	212.14045	1.56182
8.380740238	-2.503298119	-5.442019179	9.215172944	0.86224849	331.32975	212.06080	1.56243
8.43515608	-2.52842416	-5.48179012	9.277964133	0.862704972	331.17516	212.01972	1.56200
8.494787184	-2.554480795	-5.524633989	9.346280782	0.863178361	331.22868	212.05821	1.56197
8.549301427	-2.581002726	-5.565152077	9.409635669	0.863660203	331.29054	212.11939	1.56181
8.606570903	-2.607989955	-5.607280429	9.475900888	0.864150499	331.20103	212.14041	1.56123
8.657542704	-2.634977184	-5.646259944	9.535868432	0.864640795	331.16693	212.09876	1.56138
8.705365669	-2.661499116	-5.683432392	9.592532041	0.865122637	331.26832	212.09208	1.56191
8.773065668	-2.687090453	-5.730078061	9.668762485	0.865587573	331.21012	212.08304	1.56170
8.832303167	-2.713612385	-5.772957776	9.736840628	0.866069415	331.18747	212.13630	1.56120
8.88173007	-2.738738426	-5.810234248	9.794642879	0.866525897	331.26179	212.23225	1.56085
8.942827351	-2.765260357	-5.854043854	9.864580804	0.867007739	331.07661	212.11967	1.56080
8.99695783	-2.791782289	-5.89437006	9.927551926	0.867489582	331.16942	212.21125	1.56056
9.053272814	-2.817373627	-5.935323221	9.992397357	0.867954517	331.24862	212.28834	1.56037
9.105602552	-2.843430262	-5.974516407	10.05341264	0.868427906	331.29154	212.33292	1.56025
9.157026999	-2.868091005	-6.012559002	10.11305733	0.868875935	331.17110	212.29327	1.55997
9.21140348	-2.894612937	-6.053008209	10.17627446	0.869357777	331.18004	212.33673	1.55969
9.267925107	-2.920669572	-6.09429734	10.24148163	0.869831166	331.15794	212.29909	1.55987
9.320461487	-2.946260909	-6.133361198	10.30254846	0.870296102	331.17591	212.26426	1.56021
9.381834292	-2.972782841	-6.177308566	10.37276191	0.870777944	331.12583	212.30871	1.55964
9.442341166	-2.998374179	-6.220357672	10.44179923	0.87124288	330.92776	212.26350	1.55904
9.492201034	-3.023965516	-6.258083275	10.50018954	0.871707815	330.99506	212.30601	1.55905
9.548693141	-3.050022151	-6.299357646	10.56536719	0.872181204	330.97961	212.34143	1.55871
9.604152035	-3.075148192	-6.339650113	10.62920143	0.872637687	331.06751	212.34094	1.55913
9.655458401	-3.101204826	-6.378331613	10.68919334	0.873111075	330.91701	212.25004	1.55909
9.710553211	-3.126330867	-6.418442039	10.7526635	0.873567558	330.90067	212.27504	1.55883
9.756506553	-3.151456907	-6.45398173	10.80699219	0.87402404	330.94170	212.27827	1.55900
9.819748979	-3.177048245	-6.498398612	10.87876506	0.874488975	330.95772	212.32417	1.55874
9.881298906	-3.202174286	-6.541736596	10.94869033	0.874945458	330.77997	212.30598	1.55803
9.939158789	-3.227765623	-6.583462206	11.01508066	0.875410393	330.71861	212.30569	1.55775
9.994401201	-3.252891664	-6.623646432	11.07869842	0.875866875	330.57980	212.24913	1.55751
10.04384778	-3.277552408	-6.660700096	11.13636525	0.876314904	330.55188	212.25974	1.55730
10.11139034	-3.303143745	-6.707267043	11.21243826	0.87677984	330.46223	212.16946	1.55754
10.17623671	-3.327804489	-6.752020598	11.28550487	0.877227869	330.29711	212.17539	1.55672
10.23293546	-3.352930529	-6.792932992	11.35057897	0.877684351	330.32028	212.22384	1.55647
10.28064034	-3.377125976	-6.828883157	11.406349	0.878123926	330.17934	212.16683	1.55623
10.34087169	-3.402717314	-6.871794501	11.47511079	0.878588862	330.20337	212.20577	1.55605
10.39467744	-3.427378057	-6.911027751	11.5371368	0.879036891	330.12596	212.19001	1.55580
10.4466923	-3.452969395	-6.949830846	11.5976821	0.879501826	330.02807	212.14759	1.55565
10.50380433	-3.477630138	-6.990717235	11.66301438	0.879949855	329.86642	212.10423	1.55521
10.56138869	-3.501825585	-7.031607138	11.72866389	0.880389431	329.79194	212.07916	1.55504
10.61248841	-3.525555734	-7.069022074	11.78767366	0.880820553	329.61542	211.99012	1.55486
10.66299773	-3.550681775	-7.106839753	11.84655832	0.881277035	329.62728	212.05472	1.55444
10.72068049	-3.575342518	-7.148011505	11.91246133	0.881725064	329.52650	212.04137	1.55407
10.77605082	-3.599537965	-7.187794395	11.97589681	0.882164639	329.46727	212.00196	1.55408
10.82847896	-3.624198708	-7.226338836	12.0365452	0.882612668	329.33794	211.87722	1.55438
10.89792066	-3.648394155	-7.273157409	12.11405205	0.883052243	329.17879	211.86474	1.55372
10.95414709	-3.673054899	-7.313600992	12.17849872	0.883500272	329.19335	211.91032	1.55346
11.01090488	-3.696785048	-7.353844962	12.24316656	0.883931394	328.99516	211.88515	1.55271
11.06689514	-3.721445792	-7.394170464	12.30737707	0.884379423	328.96263	211.88451	1.55256
11.11875255	-3.745175941	-7.431964245	12.36714453	0.884810545	328.82183	211.89822	1.55179
11.16844514	-3.769836685	-7.46914091	12.42505736	0.885258574	328.80425	211.92289	1.55153
11.23083147	-3.794032131	-7.512431801	12.49550885	0.885698149	328.62273	211.92311	1.55067
11.28967537	-3.817762281	-7.553718823	12.56226279	0.886129272	328.55013	211.91940	1.55035
11.34418961	-3.841027133	-7.592608371	12.62453199	0.88655194	328.36901	211.78826	1.55046
11.39506301	-3.864757282	-7.629910146	12.68331544	0.886983062	328.34125	211.79974	1.55024
11.45617013	-3.888487432	-7.672328781	12.75233261	0.887414184	328.18112	211.74694	1.54987
11.51225879	-3.912217581	-7.712238187	12.81633132	0.887845307	328.13357	211.72015	1.54985
11.56864266	-3.936413028	-7.752527843	12.88078033	0.888284882	327.96567	211.70483	1.54916
11.62217289	-3.95967788	-7.790925385	12.94206552	0.888707551	327.78772	211.66649	1.54860
11.67776955	-3.98340803	-7.830588788	13.00557222	0.889138673	327.77268	211.70163	1.54828
11.73740065	-4.007138179	-7.872269414	13.07311338	0.889569795	327.56260	211.67217	1.54750
11.78719164	-4.029937734	-7.908564686	13.13050422	0.88998401	327.50907	211.64413	1.54745
11.8433787	-4.053202587	-7.948290644	13.19444623	0.890406679	327.35211	211.64266	1.54672
11.89287448	-4.076467439	-7.984670962	13.25169696	0.890829348	327.29785	211.58401	1.54689
11.96608495	-4.099732292	-8.03290862	13.33266238	0.891252016	327.08518	211.57409	1.54596
12.02197681	-4.122997144	-8.072486976	13.39630919	0.891674685	326.95231	211.54033	1.54558
12.07639265	-4.145796699	-8.111094675	13.45832488	0.8920889	326.67855	211.37806	1.54547
12.13238291	-4.169061552	-8.150722231	13.52207009	0.892511569	326.68499	211.41074	1.54526
12.18827477	-4.191861107	-8.190067939	13.58556181	0.892925784	326.49111	211.32554	1.54497
12.24603625	-4.21512596	-8.230581106	13.65107824	0.893348453	326.35083	211.27894	1.54464
12.29740166	-4.237925515	-8.267663587	13.7100435	0.893762668	326.22791	211.31853	1.54377
12.35575355	-4.260259773	-8.30800666	13.77584014	0.89416843	326.09584	211.32552	1.54310
12.41695907	-4.283059329	-8.350009199	13.84464551	0.894582646	325.93607	211.30279	1.54251
12.46517564	-4.305393587	-8.385284612	13.90030683	0.894988408	325.77188	211.22839	1.54227
12.51939468	-4.328658439	-8.424026559	13.96228082	0.895411076	325.70596	211.15614	1.54249
12.5808954	-4.350062104	-8.465478754	14.0309161	0.895799932	325.52593	211.10666	1.54200
12.63501604	-4.372861659	-8.503938851	14.0926366	0.896214147	325.31500	211.06680	1.54129
12.69179351	-4.39473062	-8.543262066	14.15670372	0.896611455	325.14329	210.99960	1.54097
12.7498502	-4.417530176	-8.583690187	14.22236026	0.897025671	325.02540	210.92970	1.54092
12.8093829	-4.43893384	-8.62415837	14.28902751	0.897414526	324.69863	210.85114	1.53994
12.8600595	-4.461733395	-8.660896447	14.34730396	0.897828741	324.60038	210.83871	1.53957
12.91811618	-4.483602356	-8.70085927	14.4126503	0.89822605	324.35460	210.74675	1.53907
12.97558246	-4.505471318	-8.740526889	14.47740623	0.898623358	324.14940	210.69875	1.53845
13.03334394	-4.527340279	-8.780342111	14.54245737	0.899020667	324.01970	210.67535	1.53800
13.0887438	-4.54920924	-8.818976518	14.60514688	0.899417976	323.74555	210.59434	1.53729
13.14256923	-4.570612905	-8.856591068	14.66610687	0.899806831	323.55531	210.56153	1.53663
13.20013391	-4.592016569	-8.89607524	14.7308061	0.900195686	323.32056	210.49291	1.53602
13.25277853	-4.613420233	-8.933099383	14.79058528	0.900584541	323.16525	210.45093	1.53558
13.31103202	-4.635289194	-8.973160607	14.85612842	0.90098185	322.99516	210.44566	1.53482
13.37548478	-4.657158155	-9.016321468	14.92787083	0.901379158	322.66471	210.35600	1.53390
13.43108144	-4.678096523	-9.05458898	14.99044694	0.90175956	322.44643	210.24300	1.53368
13.48402126	-4.69903489	-9.091528076	15.05036622	0.902139962	322.28371	210.18876	1.53331
13.53381225	-4.720903851	-9.12735805	15.10744687	0.902537271	322.00056	210.12499	1.53242
13.59580498	-4.741376921	-9.168590951	15.17626395	0.902909219	321.83593	210.09060	1.53189
13.65405847	-4.762315288	-9.208186878	15.2414969	0.903289621	321.49396	209.97636	1.53110
13.70197983	-4.783253656	-9.242616744	15.29639772	0.903670023	321.32716	209.90027	1.53086
13.75757649	-4.803726726	-9.280651608	15.35881873	0.904041971	321.11046	209.88868	1.52991
13.81622358	-4.824199796	-9.320211689	15.42429018	0.90441392	320.88998	209.83568	1.52924
13.86995062	-4.84560346	-9.357777038	15.48515177	0.904802775	320.65473	209.76763	1.52862
13.92653128	-4.865611233	-9.396071258	15.54840169	0.90516627	320.37539	209.72496	1.52760
13.97533826	-4.886084303	-9.430711281	15.60403303	0.905538219	320.12367	209.62138	1.52715
14.03880701	-4.906092076	-9.472449542	15.67417103	0.905901714	319.81139	209.52757	1.52635
14.10030773	-4.927030443	-9.513669089	15.74265122	0.906282115	319.63188	209.52830	1.52548
14.15354276	-4.947503514	-9.550523138	15.8027106	0.906654064	319.28109	209.33081	1.52525
14.21848753	-4.967511287	-9.592999408	15.87432462	0.907017559	318.97874	209.28080	1.52417
14.2666057	-4.98751906	-9.627062378	15.92911205	0.907381054	318.64130	209.18823	1.52323
14.31393666	-5.007526833	-9.660731744	15.98311227	0.907744549	318.59255	209.19280	1.52296
14.38714712	-5.027534606	-9.707340862	16.06299199	0.908108044	318.06456	209.04790	1.52149
14.4360525	-5.046611785	-9.74133214	16.11825642	0.908454633	317.84014	208.94240	1.52119
14.48574508	-5.066619558	-9.77618232	16.17461827	0.908818128	317.56508	208.87079	1.52039
14.53622488	-5.086162034	-9.811193456	16.23161222	0.909173169	317.21375	208.80487	1.51919
14.59398636	-5.10570451	-9.849845435	16.29588786	0.909528211	316.98531	208.59641	1.51961
14.64997662	-5.124781689	-9.887379155	16.35823718	0.909874799	316.54060	208.43756	1.51864
14.70803331	-5.144324165	-9.926178735	16.42280803	0.910229841	316.29637	208.42724	1.51754
14.7588083	-5.162936047	-9.960872176	16.47978699	0.910567976	315.91032	208.31945	1.51647
14.81489697	-5.18294382	-9.998920393	16.54254491	0.910931471	315.60511	208.23780	1.51560
14.87580729	-5.201090405	-10.03844885	16.60950409	0.911261153	315.15367	208.09785	1.51445
14.93189595	-5.220632881	-10.07626441	16.67210691	0.911616194	314.80564	207.99228	1.51354
14.99201906	-5.238314169	-10.11516661	16.73812378	0.911937423	314.38897	207.89413	1.51226
15.05046935	-5.256926051	-10.1536977	16.80277803	0.912275558	314.05779	207.73297	1.51183
15.10449158	-5.275537933	-10.19001476	16.86300423	0.912613693	313.72091	207.70123	1.51044
15.1562506	-5.29321922	-10.22473491	16.920657	0.912934921	313.26182	207.60860	1.50891
15.22276978	-5.312761696	-10.26776574	16.99369035	0.913289963	312.93589	207.51016	1.50805
15.27856324	-5.330908281	-10.30473576	17.05553267	0.913619644	312.46128	207.38297	1.50669
15.32727181	-5.349054866	-10.33816334	17.1102901	0.913949326	312.04283	207.12212	1.50656
15.37804681	-5.366270857	-10.37215883	17.16680376	0.914262101	311.61248	206.97892	1.50553
15.43226585	-5.384882739	-10.4085743	17.22722677	0.914600236	311.23221	206.89223	1.50432
15.49071614	-5.40209873	-10.44640744	17.29141572	0.91491301	310.85556	206.71575	1.50378
15.546116	-5.418849423	-10.48248271	17.35239914	0.915217332	310.41800	206.63111	1.50228
15.60338547	-5.436530711	-10.51995809	17.41556238	0.91553856	309.97122	206.52259	1.50091
15.66045815	-5.453746702	-10.55710242	17.47837371	0.915851335	309.54901	206.40234	1.49974
15.71674361	-5.470962693	-10.59385315	17.54039784	0.91616411	309.20364	206.21645	1.49941
15.77066745	-5.487713387	-10.62919042	17.59990524	0.916468431	308.69206	206.05588	1.49810
15.82793692	-5.50446408	-10.6662005	17.66275828	0.916772753	308.20547	205.95482	1.49647
15.88156555	-5.520749477	-10.70115752	17.72181538	0.917068621	307.67529	205.81858	1.49489
15.94424709	-5.537034874	-10.74064098	17.78992539	0.917364489	307.09056	205.57323	1.49383
15.99748212	-5.552854973	-10.77516855	17.84843378	0.917651904	306.71817	205.44918	1.49292
16.05091395	-5.568675073	-10.80979451	17.90713898	0.917939318	306.17693	205.26918	1.49159
16.10464099	-5.583564578	-10.84410278	17.96582918	0.918209826	305.68175	205.07375	1.49059
16.16181206	-5.599849975	-10.88083102	18.02842872	0.918505694	305.32398	204.99482	1.48942
16.21642471	-5.615204778	-10.91581474	18.08815963	0.918784656	304.85429	204.84854	1.48819
16.27822064	-5.63055958	-10.95439011	18.15507383	0.919063617	304.40271	204.69801	1.48708
16.33125886	-5.645449086	-10.98835397	18.21307522	0.919334125	303.92634	204.55996	1.48576
16.3853795	-5.660803888	-11.02309169	18.27231413	0.919613086	303.45243	204.37130	1.48481
16.43497369	-5.6747628	-11.05486824	18.32656129	0.919866688	302.94113	204.21106	1.48347
16.49332557	-5.689187008	-11.09125629	18.38972124	0.920128742	302.44819	204.08732	1.48195
16.54921743	-5.70314592	-11.12618168	18.45026607	0.920382343	301.89325	203.92250	1.48043
16.60274767	-5.717104831	-11.15992625	18.50844928	0.920635945	301.56533	203.83352	1.47947
16.65519548	-5.730133149	-11.19266432	18.56523987	0.920872639	301.09902	203.65751	1.47846
16.71777862	-5.74409206	-11.23093534	18.63247598	0.92112624	300.65916	203.50085	1.47743
16.76835682	-5.757585674	-11.26297125	18.68755204	0.921371388	300.22082	203.39571	1.47604
16.83261278	-5.771544586	-11.30207868	18.75646097	0.921624989	299.47885	203.14847	1.47419
16.88633981	-5.784572903	-11.33545636	18.81453078	0.921861684	298.98808	203.04610	1.47251
16.93987004	-5.798066518	-11.36896828	18.87255888	0.922106832	298.56222	202.85321	1.47181
16.99891074	-5.811560132	-11.40523544	18.93609745	0.92235198	298.08081	202.69242	1.47061
17.05175216	-5.823657855	-11.43770501	18.99297145	0.922571767	297.53220	202.52970	1.46908
17.11059606	-5.836686173	-11.47364112	19.05615812	0.922808462	297.05376	202.32933	1.46817
17.16845594	-5.848783896	-11.50861992	19.11805057	0.92302825	296.55308	202.12171	1.46720
17.2239542	-5.860416322	-11.54218526	19.1774263	0.923239584	296.08422	201.99644	1.46579
17.28515972	-5.872514045	-11.57883688	19.2426644	0.923459372	295.52934	201.84242	1.46416
17.34036277	-5.884611769	-11.61248727	19.30190003	0.923679159	294.92457	201.65087	1.46255
17.39212178	-5.895778898	-11.64395034	19.35738141	0.92388204	294.29939	201.39129	1.46133
17.44516001	-5.906946027	-11.67605302	19.41414202	0.924084921	293.77796	201.24817	1.45978
17.50488951	-5.918113156	-11.71150133	19.4775939	0.924287802	293.34082	201.13315	1.45844
17.55684532	-5.929280285	-11.7430628	19.53327209	0.924490683	292.63785	200.97000	1.45613
17.61578762	-5.939982117	-11.77788487	19.59578166	0.924685111	292.04822	200.73265	1.45491
17.66577541	-5.950683949	-11.80822968	19.64933673	0.924879538	291.31203	200.45681	1.45324
17.72520971	-5.960920485	-11.8430651	19.71218321	0.925065513	290.62319	200.21707	1.45154
17.77864154	-5.970691723	-11.87466663	19.76887212	0.925243034	290.15762	200.15322	1.44968
17.83335259	-5.981393555	-11.90737307	19.82715044	0.925437461	289.62829	199.93572	1.44861
17.89150767	-5.991164793	-11.94133623	19.8885626	0.925614982	289.18976	199.82007	1.44725
17.95044997	-6.000470734	-11.97546035	19.95060688	0.925784049	288.70020	199.67720	1.44583
18.00821145	-6.010241972	-12.00922671	20.01162544	0.92596157	287.95049	199.45807	1.44366
18.06577613	-6.019547913	-12.04266202	20.0722921	0.926130638	287.48112	199.29141	1.44252
18.11733834	-6.028853854	-12.0730961	20.12695629	0.926299705	286.88388	199.05201	1.44125
18.18307031	-6.0372292	-12.11014976	20.19548005	0.926451866	286.19755	198.84340	1.43931
18.23571494	-6.046535141	-12.14112504	20.25122665	0.926620934	285.81791	198.74738	1.43810
18.28855636	-6.054910488	-12.17173342	20.30685986	0.926773094	285.28430	198.57946	1.43663
18.34090578	-6.063285835	-12.20209581	20.36200106	0.926925255	284.82380	198.42621	1.43541
18.39807685	-6.071195885	-12.23463637	20.42180881	0.927068962	284.12146	198.15145	1.43386
18.45416551	-6.079105935	-12.26663572	20.48053416	0.92721267	283.51569	198.02062	1.43175
18.50690854	-6.087481282	-12.29719491	20.53606896	0.92736483	283.28873	197.91460	1.43137
18.56742525	-6.094926034	-12.33117564	20.59906726	0.927500084	282.83233	197.77267	1.43009
18.62400592	-6.102836084	-12.363421	20.65828461	0.927643792	282.21221	197.61706	1.42808
18.67438731	-6.110280837	-12.39233407	20.71114759	0.927779046	281.83421	197.41956	1.42759
18.72791754	-6.117260293	-12.42258892	20.76700431	0.927905846	281.23526	197.21003	1.42607
18.78705664	-6.124239748	-12.4556482	20.82846989	0.928032647	281.03327	197.15315	1.42546
18.84540853	-6.130753907	-12.48808122	20.88899317	0.928150994	280.52542	196.98338	1.42411
18.90612205	-6.137268066	-12.52169506	20.95187807	0.928269341	280.05212	196.88683	1.42240
18.97126362	-6.143782224	-12.55752292	21.01919102	0.928387689	279.60613	196.69793	1.42150
19.02548266	-6.150296383	-12.58788952	21.07558145	0.928506036	279.29653	196.54396	1.42104
19.07606085	-6.157275839	-12.61666835	21.12848613	0.928632837	279.09671	196.50771	1.42028
19.13382233	-6.162859403	-12.64834087	21.1881088	0.928734277	278.78463	196.36312	1.41974
19.1905998	-6.169373562	-12.67998668	21.24705766	0.928852624	278.59282	196.33983	1.41893
19.24777088	-6.174957127	-12.711364	21.30608992	0.928954065	278.63320	196.39402	1.41875
19.30956681	-6.181005988	-12.7452864	21.36990214	0.929063959	278.24317	196.30499	1.41740
19.3597514	-6.18705485	-12.77340313	21.42210302	0.929173852	277.85849	196.14656	1.41659
19.4103296	-6.193569009	-12.8019493	21.4748526	0.9292922	277.77898	196.13035	1.41630
19.4700591	-6.19961787	-12.83483849	21.53659839	0.929402094	277.39670	196.01280	1.41520
19.51847247	-6.205201435	-12.86183695	21.58687295	0.929503534	277.23630	195.95875	1.41477
19.57652916	-6.210784999	-12.89365708	21.64679082	0.929604975	277.19605	195.91481	1.41488
19.63202741	-6.217299158	-12.92466329	21.70446047	0.929723322	277.12015	195.90012	1.41460
19.69096971	-6.22334802	-12.95715886	21.76541905	0.929833216	276.92203	195.89489	1.41363
19.74636956	-6.228931584	-12.98765057	21.82268009	0.929934656	276.55645	195.75254	1.41279
19.8007854	-6.235445743	-13.01811557	21.87926732	0.930053003	276.31723	195.70333	1.41192
19.8593341	-6.241029308	-13.0501817	21.9396772	0.930154444	276.20518	195.70614	1.41133
19.91404514	-6.246612872	-13.08032901	21.99624943	0.930255884	275.75919	195.60808	1.40975
19.9700154	-6.252661734	-13.11133856	22.05423597	0.930365778	275.89756	195.61347	1.41042
20.02598565	-6.258710595	-13.14234812	22.11222251	0.930475672	275.69584	195.54648	1.40987
20.0819559	-6.26429416	-13.17312503	22.17005396	0.930577113	275.43994	195.47138	1.40911
20.13792616	-6.269877725	-13.20390194	22.2278854	0.930678553	275.35021	195.45143	1.40879
20.19389641	-6.275461289	-13.23467885	22.28571684	0.930779994	274.96300	195.32252	1.40774
20.24986666	-6.281044854	-13.26545576	22.34354828	0.930881434	274.91464	195.23555	1.40812
20.30583692	-6.287093715	-13.29646532	22.40153482	0.930991328	274.65083	195.20859	1.40696
20.36180717	-6.292211983	-13.32700958	22.45921117	0.931084315	274.49992	195.13878	1.40669
20.41777743	-6.297795547	-13.35778649	22.51704261	0.931185756	274.45115	195.13281	1.40648
20.47374768	-6.302913815	-13.38833075	22.57471895	0.931278743	274.30003	195.09256	1.40600
20.52971793	-6.308962677	-13.41934031	22.63270549	0.931388636	274.09138	194.99264	1.40565
20.58568819	-6.315011538	-13.45034986	22.69069203	0.93149853	274.11661	195.01109	1.40565
20.64165844	-6.320129806	-13.48089412	22.74836838	0.931591517	273.92398	194.90615	1.40541
20.6976287	-6.32571337	-13.51167103	22.80619982	0.931692958	273.60652	194.83094	1.40433
20.75359895	-6.330831638	-13.54221529	22.86387616	0.931785945	273.69534	194.88055	1.40443
20.8095692	-6.336415202	-13.5729922	22.9217076	0.931887386	273.29567	194.74740	1.40333
20.86553946	-6.34153347	-13.60353646	22.97938395	0.931980373	273.19215	194.63185	1.40364
20.92150971	-6.346651737	-13.63408072	23.03706029	0.93207336	273.08849	194.63794	1.40306
20.97747996	-6.352235302	-13.66485763	23.09489173	0.9321748	272.92877	194.71595	1.40168
21.03345022	-6.35735357	-13.69540189	23.15256808	0.932267787	272.84539	194.68824	1.40145
21.08942047	-6.362471837	-13.72594615	23.21024442	0.932360775	272.73452	194.64157	1.40121
21.14539073	-6.368055402	-13.75672306	23.26807586	0.932462215	272.68377	194.56352	1.40152
21.20136098	-6.372708372	-13.78703468	23.3255971	0.932546749	272.57380	194.59828	1.40070
21.25733123	-6.378757234	-13.81804423	23.38358365	0.932656643	272.41242	194.50375	1.40055
21.31330149	-6.383875501	-13.84858849	23.44125999	0.93274963	272.27380	194.41657	1.40047
21.36927174	-6.388993769	-13.87913276	23.49893633	0.932842617	272.27801	194.48940	1.39996
21.425242	-6.394577333	-13.90990966	23.55676777	0.932944057	272.11752	194.45672	1.39937
21.48121225	-6.400160898	-13.94068657	23.61459922	0.933045498	272.24917	194.49056	1.39981
21.5371825	-6.404813869	-13.97099819	23.67212046	0.933130032	272.00926	194.35966	1.39952
21.59315276	-6.410397433	-14.0017751	23.7299519	0.933231472	271.84845	194.31577	1.39900
21.64912301	-6.415050404	-14.03208671	23.78747315	0.933316006	271.83913	194.31315	1.39897
21.70509326	-6.420633968	-14.06286362	23.84530459	0.933417446	271.75940	194.26658	1.39890
21.76106352	-6.425752236	-14.09340788	23.90298093	0.933510433	271.59945	194.26428	1.39809
21.81703377	-6.4313358	-14.12418479	23.96081237	0.933611874	271.49238	194.23863	1.39773
21.87300403	-6.436454068	-14.15472905	24.01848872	0.933704861	271.40663	194.22971	1.39735
21.92897428	-6.441572335	-14.18527331	24.07616506	0.933797848	271.41528	194.19170	1.39767
21.98494453	-6.446690603	-14.21581757	24.1338414	0.933890835	271.41011	194.22108	1.39743
22.04091479	-6.45180887	-14.24636183	24.19151774	0.933983822	271.26	194.20	1.40
22.09688504	-6.457392435	-14.27713874	24.24934919	0.934085263	271.05	194.18	1.40
22.1528553	-6.462045405	-14.30745035	24.30687043	0.934169797	271.17	194.12	1.40
22.20882555	-6.468094267	-14.33845991	24.36485697	0.93427969	271.03	194.12	1.40
22.2647958	-6.473212535	-14.36900417	24.42253332	0.934372678	270.86	194.03	1.40
22.32076606	-6.477865505	-14.39931578	24.48005456	0.934457211	270.63	193.93	1.40
22.37673631	-6.482983773	-14.42986004	24.5377309	0.934550198	270.70	193.91	1.40
22.43270657	-6.48810204	-14.4604043	24.59540725	0.934643186	270.65	193.93	1.40
22.48867682	-6.493220308	-14.49094856	24.65308359	0.934736173	270.47	193.96	1.39
22.54464707	-6.498338575	-14.52149282	24.71075993	0.93482916	270.43	193.97	1.39
22.60061733	-6.503456843	-14.55203708	24.76843627	0.934922147	270.43	193.95	1.39
22.65658758	-6.509040407	-14.58281399	24.82626772	0.935023587	270.23	193.81	1.39
22.71255783	-6.513693378	-14.61312561	24.88378896	0.935108121	270.15	193.82	1.39
22.76852809	-6.518811645	-14.64366987	24.9414653	0.935201108	270.13	193.83	1.39
22.82449834	-6.52439521	-14.67444678	24.99929675	0.935302549	270.19	193.84	1.39
22.8804686	-6.52904818	-14.70475839	25.05681799	0.935387082	270.01	193.75	1.39
22.93643885	-6.534631745	-14.7355353	25.11464943	0.935488523	270.02	193.81	1.39
22.9924091	-6.539750012	-14.76607956	25.17232577	0.93558151	270.03	193.77	1.39
23.04837936	-6.544402983	-14.79639117	25.22984702	0.935666044	270.07	193.81	1.39
23.10434961	-6.549986548	-14.82716808	25.28767846	0.935767484	269.95	193.76	1.39
23.16031987	-6.555104815	-14.85771234	25.3453548	0.935860471	269.82	193.71	1.39
23.21629012	-6.559757786	-14.88802395	25.40287605	0.935945005	269.72	193.69	1.39
23.27226037	-6.56534135	-14.91880086	25.46070749	0.936046446	269.64	193.64	1.39
23.32823063	-6.570924915	-14.94957777	25.51853893	0.936147886	269.74	193.73	1.39
23.38420088	-6.576043182	-14.98012203	25.57621527	0.936240873	269.65	193.72	1.39
23.44017113	-6.58116145	-15.01066629	25.63389162	0.93633386	269.53	193.65	1.39
23.49614139	-6.586745014	-15.0414432	25.69172306	0.936435301	269.42	193.66	1.39
23.55211164	-6.591397985	-15.07175481	25.7492443	0.936519835	269.59	193.63	1.39
23.6080819	-6.596516252	-15.10229907	25.80692065	0.936612822	269.51	193.68	1.39
23.66405215	-6.602099817	-15.13307598	25.86475209	0.936714262	269.44	193.66	1.39
23.7200224	-6.608148679	-15.16408554	25.92273863	0.936824156	269.41	193.67	1.39
23.77599266	-6.613266946	-15.1946298	25.98041497	0.936917143	269.25	193.57	1.39
23.83196291	-6.618385214	-15.22517406	26.03809132	0.93701013	269.15	193.50	1.39
23.88793317	-6.623968778	-15.25595097	26.09592276	0.937111571	269.34	193.65	1.39
23.94390342	-6.629087046	-15.28649523	26.1535991	0.937204558	269.29	193.59	1.39
23.99987367	-6.634205313	-15.31703949	26.21127544	0.937297545	269.19	193.56	1.39
24.05584393	-6.639323581	-15.34758375	26.26895179	0.937390532	269.05	193.46	1.39
24.11181418	-6.644441848	-15.37812801	26.32662813	0.937483519	269.08	193.49	1.39
24.16778443	-6.65049071	-15.40913757	26.38461467	0.937593413	268.93	193.50	1.39
24.22375469	-6.655608978	-15.43968183	26.44229101	0.9376864	268.99	193.55	1.39
24.27972494	-6.661192542	-15.47045874	26.50012246	0.937787841	268.90	193.59	1.39
24.3356952	-6.666776107	-15.50123565	26.5579539	0.937889281	269.02	193.64	1.39
24.39166545	-6.672359671	-15.53201256	26.61578534	0.937990722	268.84	193.57	1.39
24.4476357	-6.677477939	-15.56255682	26.67346168	0.938083709	268.88	193.48	1.39
24.50360596	-6.683061503	-15.59333373	26.73129313	0.938185149	268.93	193.52	1.39
24.55957621	-6.688645068	-15.62411064	26.78912457	0.93828659	268.97	193.61	1.39
24.61554647	-6.694228633	-15.65488755	26.84695601	0.93838803	268.91	193.51	1.39
24.67151672	-6.700277494	-15.68589711	26.90494255	0.938497924	268.73	193.41	1.39
24.72748697	-6.705395762	-15.71644137	26.96261889	0.938590911	268.78	193.45	1.39
24.78345723	-6.710979326	-15.74721828	27.02045034	0.938692352	268.73	193.46	1.39
24.83942748	-6.717028188	-15.77822783	27.07843688	0.938802246	268.77	193.54	1.39
24.89539773	-6.723077049	-15.80923739	27.13642342	0.938912139	268.59	193.44	1.39
24.95136799	-6.728195317	-15.83978165	27.19409976	0.939005127	268.71	193.48	1.39
25.00733824	-6.734244179	-15.87079121	27.2520863	0.93911502	268.53	193.43	1.39
25.0633085	-6.739827743	-15.90156812	27.30991774	0.939216461	268.58	193.46	1.39
25.11927875	-6.745876605	-15.93257768	27.36790429	0.939326355	268.50	193.42	1.39
25.175249	-6.751925466	-15.96358724	27.42589083	0.939436249	268.44	193.43	1.39
25.23121926	-6.757509031	-15.99436414	27.48372227	0.939537689	268.31	193.37	1.39
25.28718951	-6.763092596	-16.02514105	27.54155371	0.93963913	268.33	193.37	1.39
25.34315977	-6.769141457	-16.05615061	27.59954025	0.939749023	268.30	193.34	1.39
25.39913002	-6.775190319	-16.08716017	27.65752679	0.939858917	268.18	193.29	1.39
25.45510027	-6.780773883	-16.11793708	27.71535823	0.939960358	268.25	193.34	1.39
25.51107053	-6.786357448	-16.14871399	27.77318968	0.940061798	267.91	193.24	1.39
25.56704078	-6.792871607	-16.17995619	27.83133132	0.940180146	268.11	193.35	1.39
25.62301104	-6.798920468	-16.21096575	27.88931786	0.940290039	267.99	193.24	1.39
25.67898129	-6.804504033	-16.24174266	27.9471493	0.94039148	267.96	193.24	1.39
25.73495154	-6.811018192	-16.27298487	28.00529094	0.940509827	267.89	193.25	1.39
25.7909218	-6.817067053	-16.30399442	28.06327748	0.940619721	267.86	193.22	1.39
25.84689205	-6.823115915	-16.33500398	28.12126402	0.940729615	267.84	193.27	1.39
25.9028623	-6.829630074	-16.36624619	28.17940566	0.940847962	267.65	193.20	1.39
25.95883256	-6.835213638	-16.3970231	28.2372371	0.940949403	267.51	193.18	1.38
26.01480281	-6.841727797	-16.4282653	28.29537874	0.94106775	267.34	193.13	1.38
26.07077307	-6.847311361	-16.45904221	28.35321019	0.94116919	267.37	193.09	1.38
26.12674332	-6.85382552	-16.49028442	28.41135183	0.941287538	267.24	193.07	1.38
26.18271357	-6.859874382	-16.52129398	28.46933837	0.941397431	267.15	192.98	1.38
26.23868383	-6.865923243	-16.55230354	28.52732491	0.941507325	266.92	192.89	1.38
26.29465408	-6.871972105	-16.58331309	28.58531145	0.941617219	266.97	192.96	1.38
26.35062434	-6.878486264	-16.6145553	28.64345309	0.941735566	266.86	192.94	1.38
26.40659459	-6.884069828	-16.64533221	28.70128453	0.941837007	266.74	192.90	1.38
26.46256484	-6.890583987	-16.67657441	28.75942617	0.941955354	266.58	192.81	1.38
26.5185351	-6.896632848	-16.70758397	28.81741271	0.942065248	266.47	192.87	1.38
