eps1        epsv      eps3             epsq       Void ratio    q           p          eta = q/p  
[%]         [%]       [%]              [%]        [%]           [kPa]       [kPa]      [-]

0	0	0	0	0.840147384	1.946453272	51.56424726	0.037748118
0.017448683	0.01492222	-0.001263231	0.012474609	0.839872794	6.507911754	53.08505742	0.122594042
0.053083043	0.033574994	-0.009754024	0.041891378	0.839529555	14.30771044	55.71501131	0.256801715
0.090288064	0.053626727	-0.018330668	0.072412488	0.839160574	20.27430858	57.66357936	0.351596429
0.128769247	0.075077418	-0.026845914	0.103743441	0.838765849	26.0052663	59.6042436	0.436298906
0.172845908	0.096528109	-0.038158899	0.140669871	0.838371125	31.37499538	61.34325429	0.511466106
0.216922569	0.116579842	-0.050171363	0.178062621	0.838002144	36.40067852	63.01807701	0.577622807
0.256090915	0.136631575	-0.05972967	0.210547057	0.837633162	41.04824445	64.56791365	0.635737507
0.298891415	0.155750669	-0.071570373	0.246974525	0.837281343	45.8993493	66.1541986	0.693823677
0.339924921	0.176268721	-0.0818281	0.28116868	0.83690378	50.31869008	67.63742719	0.743947429
0.379682265	0.192589899	-0.093546183	0.315485632	0.836603446	54.54713828	69.05751093	0.789879878
0.429648903	0.207978438	-0.110835232	0.360322757	0.836320275	58.58063184	70.42207678	0.831850387
0.475787056	0.223366977	-0.126210039	0.401331397	0.836037103	62.30419476	71.61252742	0.870018096
0.528698682	0.237356558	-0.145671062	0.449579829	0.835779674	65.87244223	72.79166624	0.904944833
0.576505662	0.249480862	-0.1635124	0.493345374	0.835556569	69.24174581	73.94535544	0.936390736
0.621760318	0.260672527	-0.180543896	0.534869476	0.835350626	72.39112956	74.97483902	0.96553898
0.664757149	0.271397872	-0.196679639	0.574291192	0.835153264	75.44819069	75.9940214	0.992817452
0.70883381	0.280724259	-0.214054775	0.615259057	0.834981644	78.28277339	76.9290103	1.017597563
0.750456314	0.288651689	-0.230902313	0.654239085	0.834835768	81.02477392	77.86356447	1.040599342
0.793747645	0.295646479	-0.249050583	0.695198818	0.834707053	83.53925778	78.64063076	1.062291299
0.83743164	0.30217495	-0.267628345	0.736706657	0.83458692	85.88869138	79.45420129	1.080983636
0.886514782	0.308703422	-0.28890568	0.783613641	0.834466786	88.28734313	80.27381988	1.099827357
0.922836306	0.312433976	-0.305201165	0.818691647	0.834398139	90.5408618	80.99464777	1.117862282
0.97633693	0.316630851	-0.32985304	0.870793313	0.83432091	92.70623621	81.76725724	1.133781899
1.02227875	0.319428767	-0.351424992	0.915802495	0.834269424	94.8145067	82.43910207	1.150115714
1.060465434	0.322693003	-0.368886216	0.9529011	0.834209358	96.74658106	83.06330185	1.164733148
1.107487084	0.32455828	-0.391464402	0.99930099	0.834175034	98.74808154	83.74074568	1.179211873
1.15274174	0.325957238	-0.413392251	1.044089327	0.834149291	100.5769572	84.32002589	1.192800359
1.192106419	0.325957238	-0.433074591	1.083454006	0.834149291	102.4037775	84.939	1.20561553
1.247472203	0.326889877	-0.460291163	1.13850891	0.834132129	104.1221828	85.48121377	1.218070945
1.290370868	0.325957238	-0.482206815	1.181718455	0.834149291	105.7843133	86.05548725	1.229257037
1.33758885	0.32455828	-0.506515285	1.229402757	0.834175034	107.4649803	86.6261486	1.240560524
1.395212458	0.322226683	-0.536492887	1.287803563	0.834217939	109.0253815	87.18690432	1.250478869
1.43133765	0.318962448	-0.556187601	1.325016834	0.834278005	110.5715723	87.69226726	1.260904476
1.48758693	0.315698212	-0.585944359	1.382354192	0.834338072	112.0582928	88.18784076	1.270677361
1.533234251	0.31010238	-0.611565936	1.429866791	0.834441044	113.4770975	88.64054566	1.280194031
1.575838418	0.304972867	-0.635432775	1.474180795	0.834535434	114.9589263	89.12453561	1.289868447
1.61854075	0.298910715	-0.659815018	1.518903845	0.834646987	116.3020929	89.56222379	1.298561915
1.664482571	0.291915924	-0.686283323	1.567177263	0.834775701	117.598638	89.9740945	1.307027747
1.714841874	0.284921134	-0.71496037	1.619868162	0.834904416	118.9739055	90.523876	1.314282052
1.76088186	0.277926343	-0.741477758	1.668239746	0.83503313	120.1868771	90.92828086	1.321776635
1.810750332	0.270931553	-0.769909389	1.720439814	0.835161845	121.4389718	91.33536878	1.329594148
1.857673815	0.263470443	-0.797101686	1.769850334	0.83529914	122.6474583	91.78812459	1.336201811
1.896645829	0.257408291	-0.819618769	1.810843065	0.835410692	123.7910247	92.19002941	1.342781053
1.950244619	0.251346139	-0.84944924	1.866462573	0.835522245	124.975065	92.56439852	1.350141815
1.991965289	0.244351349	-0.87380697	1.91051484	0.835650959	126.0764267	92.90117406	1.35710262
2.037023613	0.23642392	-0.900299847	1.95821564	0.835796836	127.2062024	93.29815798	1.363437448
2.07854795	0.229429129	-0.924559411	2.002071574	0.83592555	128.3505465	93.59779499	1.371298827
2.137349554	0.220569061	-0.958390246	2.063826533	0.836088589	129.3532999	93.97283014	1.376496799
2.17730323	0.212175312	-0.982563959	2.106578126	0.836243046	130.4303254	94.38298064	1.381926323
2.227269868	0.203781564	-1.011744152	2.15934268	0.836397503	131.4377701	94.73943055	1.387360779
2.271935527	0.195387815	-1.038273856	2.206806255	0.836551961	132.3811568	94.99312175	1.39358676
2.316699352	0.185595108	-1.065552122	2.254834316	0.836732161	133.4263428	95.38205809	1.398862065
2.374224793	0.176268721	-1.098978036	2.315468553	0.83690378	134.278657	95.65612883	1.403764282
2.414767468	0.166009695	-1.124378886	2.359430903	0.837092561	135.2267885	95.98180168	1.408879456
2.461789117	0.157149627	-1.152319745	2.409405908	0.8372556	136.1318421	96.32370319	1.413274589
2.506651108	0.146424282	-1.180113413	2.457843014	0.837452962	137.0362638	96.5952371	1.418664811
2.559366402	0.135232617	-1.212066893	2.514288863	0.837658905	137.9776249	96.87900313	1.424226307
2.605406389	0.125906229	-1.23975008	2.563437645	0.837830524	138.7605609	97.1392528	1.42847054
2.650072047	0.114714564	-1.267678741	2.611833859	0.838036467	139.5816936	97.40325368	1.433029065
2.693363378	0.10305658	-1.295153399	2.659011184	0.838250991	140.4777132	97.73283889	1.437364501
2.736065711	0.092331235	-1.321867238	2.705288632	0.838448354	141.2009324	97.95368197	1.441507145
2.785541517	0.080673251	-1.352434133	2.758650433	0.838662878	142.0660111	98.26235254	1.445782718
2.831287005	0.068548947	-1.381369029	2.808437356	0.838885983	142.8156373	98.52234293	1.449576137
2.877523324	0.056890963	-1.41031618	2.858559669	0.839100507	143.5543218	98.79915909	1.452991332
2.916789837	0.043367701	-1.436711068	2.902333936	0.839349355	144.3641571	99.04871219	1.457506654
2.96371332	0.031243398	-1.466234961	2.953298854	0.83957246	145.0249228	99.24889943	1.461224493
3.018490105	0.018186455	-1.500151825	3.012427954	0.839812727	145.7954117	99.52595908	1.464898335
3.061192438	0.005595832	-1.527798303	3.059327161	0.840044413	146.5341802	99.71103923	1.469588336
3.106447095	-0.00746111	-1.556954102	3.108934131	0.84028468	147.183413	99.95779517	1.472455577
3.149051261	-0.020984372	-1.585017816	3.156046052	0.840533528	147.9537497	100.2352901	1.476064464
3.19793807	-0.034041314	-1.615989692	3.209285174	0.840773795	148.5215568	100.3841801	1.479531502
3.246334047	-0.046165617	-1.646249832	3.261722586	0.8409969	149.2535706	100.7093477	1.48202301
3.295319022	-0.060621518	-1.67797027	3.315526195	0.84126291	149.9209846	100.921785	1.485516577
3.33762869	-0.075077418	-1.706353054	3.362654496	0.84152892	150.5633242	101.1662432	1.48827632
3.383079679	-0.089066999	-1.736073339	3.412768678	0.841786348	151.2449674	101.3831806	1.491815176
3.428138002	-0.102123942	-1.765130972	3.462179316	0.842026615	151.8095583	101.5714586	1.49460843
3.470055005	-0.114248245	-1.792151625	3.508137753	0.842249721	152.394532	101.7867608	1.497194043
3.514327998	-0.129170465	-1.821749232	3.55738482	0.842524311	153.0445416	101.9829577	1.500687419
3.561055149	-0.145491643	-1.853273396	3.609552363	0.842824645	153.6237266	102.1867014	1.503363202
3.619660419	-0.159947543	-1.889803981	3.672976267	0.843090655	154.2645118	102.4511144	1.505737762
3.662264586	-0.173937124	-1.918100855	3.720243628	0.843348084	154.7932174	102.6171536	1.508453625
3.707224743	-0.189325663	-1.948275203	3.770333298	0.843631256	155.364311	102.7873692	1.511511699
3.745902259	-0.203781564	-1.974841911	3.813829447	0.843897266	155.960944	103.0067198	1.514085142
3.79341474	-0.219170103	-2.006292421	3.866471441	0.844180437	156.5263267	103.1546397	1.517394924
3.837393234	-0.2359576	-2.036675417	3.916045767	0.844489352	157.0014303	103.3638256	1.518920468
3.880586398	-0.248081904	-2.064334151	3.963280366	0.844712457	157.5921185	103.5303767	1.522182412
3.933007193	-0.263470443	-2.098238818	4.020830674	0.844995629	158.0492401	103.7233725	1.523757243
3.977476519	-0.278858982	-2.128167751	4.070429513	0.845278801	158.6409043	103.9106409	1.526705089
4.020473351	-0.29471384	-2.157593596	4.118711298	0.845570553	159.1455386	104.1295894	1.528341172
4.067102335	-0.308703422	-2.187902878	4.170003476	0.845827982	159.5731847	104.2214011	1.531098057
4.121093791	-0.325957238	-2.223525514	4.229746203	0.846145478	160.1192757	104.4541684	1.532914178
4.167722775	-0.341345777	-2.254534276	4.281504701	0.84642865	160.6163974	104.6504636	1.534789162
4.210228775	-0.357200636	-2.283714705	4.329295654	0.846720403	161.0653846	104.759585	1.537476352
4.265201893	-0.373055494	-2.319128694	4.389553725	0.847012155	161.5462611	104.9403502	1.539410349
4.304075741	-0.388910353	-2.346493047	4.433712525	0.847303908	161.9951805	105.161119	1.540447477
4.347465238	-0.406630489	-2.377047863	4.483008734	0.847629985	162.5446589	105.2934605	1.543729859
4.400376864	-0.422019028	-2.411197946	4.541049874	0.847913157	162.9108465	105.425719	1.54526664
4.441508537	-0.438806525	-2.440157531	4.587777378	0.848222071	163.3865027	105.5841901	1.547452347
4.498346814	-0.455594022	-2.476970418	4.650211488	0.848530986	163.7811904	105.7261916	1.549107065
4.543601471	-0.471448881	-2.507525176	4.700751098	0.848822739	164.1723332	105.9173436	1.550004255
4.586205637	-0.488236378	-2.537221008	4.748951097	0.849131653	164.7016132	106.0634252	1.552859648
4.631362127	-0.505023875	-2.568193001	4.799703419	0.849440568	165.1191903	106.2432396	1.554161855
4.676420451	-0.521345053	-2.598882752	4.850202135	0.849740902	165.4741546	106.321182	1.556361126
4.723834765	-0.53859887	-2.631216818	4.903367722	0.850058397	165.9293332	106.4930572	1.558123482
4.774881232	-0.554453728	-2.66466748	4.959699142	0.85035015	166.2251006	106.5816124	1.559603921
4.817289066	-0.572640184	-2.694964625	5.008169127	0.850684808	166.7054721	106.7212632	1.56206427
4.875305339	-0.589427681	-2.73236651	5.071781233	0.850993722	167.0200816	106.887309	1.562581031
4.917615007	-0.606681498	-2.762148252	5.119842173	0.851311218	167.409149	107.0373092	1.564026135
4.959335677	-0.623468995	-2.791402336	5.167158675	0.851620133	167.8187447	107.1129891	1.566745043
5.015879456	-0.640256492	-2.828067974	5.229298286	0.851929048	168.0521852	107.2517356	1.566894785
5.06329377	-0.657976628	-2.860635199	5.282619313	0.852255124	168.4345221	107.3591132	1.56888891
5.104032777	-0.676629403	-2.89033109	5.329575912	0.852598363	168.8794577	107.5276551	1.570567661
5.147814939	-0.694349539	-2.921082239	5.379264786	0.852924439	169.1708604	107.6146743	1.572005505
5.189241111	-0.712069675	-2.950655393	5.426597669	0.853250516	169.5428767	107.7691867	1.573203639
5.230863614	-0.729789811	-2.980326713	5.474126885	0.853576593	169.8755816	107.8802504	1.574668032
5.276903601	-0.747509947	-3.012206774	5.526073583	0.853902669	170.1806544	108.0227253	1.575415302
5.3197041	-0.764297444	-3.042000772	5.574469915	0.854211584	170.5453759	108.1040821	1.577603477
5.367020248	-0.782483899	-3.074752074	5.627848215	0.854546241	170.7792183	108.1921446	1.578480757
5.413158401	-0.799737716	-3.106448058	5.67973764	0.854863737	171.1073309	108.3015965	1.57991513
5.468131519	-0.817457852	-3.142794686	5.74061747	0.855189814	171.4133022	108.4134589	1.581107216
5.515349501	-0.836576946	-3.175963224	5.794208483	0.855541633	171.6538584	108.5341853	1.581564905
5.556383007	-0.853830763	-3.205106885	5.840993261	0.855859129	172.1282465	108.7229837	1.583181777
5.60517165	-0.872949857	-3.239060753	5.896154935	0.856210948	172.3171506	108.7860327	1.584000688
5.647775816	-0.889737354	-3.268756585	5.944354934	0.856519863	172.5591405	108.897284	1.584604631
5.69626996	-0.908856448	-3.302563204	5.999222109	0.856871683	172.9099594	109.0141426	1.586124105
5.747316427	-0.926576584	-3.336946505	6.056175288	0.857197759	173.1291837	109.0569534	1.587511647
5.790902256	-0.945229359	-3.368065807	6.105978709	0.857540998	173.4410587	109.1609117	1.588856817
5.836353245	-0.963415814	-3.39988453	6.15749185	0.857875655	173.6783887	109.2806437	1.589287753
5.881018904	-0.982068589	-3.431543746	6.2083751	0.858218894	173.9111844	109.3380123	1.590583007
5.929120382	-1.000255044	-3.464687713	6.26253873	0.858553551	174.2330782	109.4760602	1.591517614
5.978792521	-1.018441499	-3.49861701	6.318273021	0.858888209	174.4137347	109.5768201	1.591702831
6.02237835	-1.038026913	-3.530202632	6.368387321	0.85924861	174.7310643	109.6420556	1.593650022
6.075289977	-1.056679688	-3.565984832	6.427516539	0.859591848	174.9419814	109.7834093	1.593519299
6.123096956	-1.074866143	-3.59898155	6.481385671	0.859926506	175.1248472	109.8445266	1.594297437
6.165602957	-1.093985237	-3.629794097	6.530264702	0.860278325	175.4435277	109.9203274	1.596097208
6.210268615	-1.112171692	-3.661220154	6.580992513	0.860612983	175.536772	109.9916258	1.595910331
6.262296745	-1.131290786	-3.696793766	6.639393674	0.860964802	175.7562866	110.0650404	1.59684025
6.313735877	-1.150409881	-3.732072879	6.697205837	0.861316622	176.0095251	110.1598112	1.597765312
6.359186866	-1.169528975	-3.76435792	6.749029857	0.861668441	176.2121101	110.1969135	1.599065749
6.403361693	-1.18771543	-3.795538561	6.799266836	0.862003099	176.441942	110.2835582	1.599893447
6.448518183	-1.206834524	-3.827676353	6.850796357	0.862354918	176.6065555	110.3892473	1.599852882
6.495245333	-1.225953618	-3.860599476	6.903896539	0.862706738	176.7725787	110.4342304	1.600704583
6.540009158	-1.244140073	-3.892074616	6.954722516	0.863041395	177.0613797	110.5307404	1.601919783
6.587325306	-1.264191806	-3.925758556	7.008722575	0.863410377	177.1815074	110.580979	1.60227834
6.632089131	-1.282378262	-3.957233696	7.059548552	0.863745034	177.3753193	110.6863669	1.602503761
6.683037432	-1.301963675	-3.992500553	7.117025323	0.864105435	177.6673767	110.7939964	1.603583068
6.733102236	-1.32061645	-4.026859343	7.173307719	0.864448673	177.769567	110.8381748	1.603865882
6.783461539	-1.339269225	-4.061365382	7.229884614	0.864791912	178.0680819	110.9783828	1.604529435
6.824200546	-1.358854638	-4.091527592	7.277152092	0.865152313	178.0919231	111.0165129	1.604193093
6.868964371	-1.377507413	-4.123235892	7.328133508	0.865495551	178.2783627	111.0483144	1.605412596
6.916575018	-1.397092826	-4.156833922	7.382272626	0.865855952	178.5369894	111.1033683	1.606944885
6.962320505	-1.415279281	-4.188799893	7.434080266	0.866190609	178.646667	111.1709205	1.606955004
7.004924672	-1.434864695	-4.219894683	7.483212904	0.86655101	178.8345166	111.254415	1.60743748
7.047332506	-1.45351747	-4.250424988	7.531838329	0.866894248	179.0474188	111.3763624	1.607589033
7.091311001	-1.472636564	-4.281973782	7.582189855	0.867246068	179.162632	111.3843408	1.608508258
7.136860156	-1.493154616	-4.315007386	7.634578361	0.86762363	179.3888189	111.4597365	1.609449516
7.180347819	-1.510408433	-4.345378126	7.683817296	0.867941126	179.4330021	111.4541532	1.609926566
7.23787326	-1.529527527	-4.383700394	7.747715769	0.868292945	179.6703883	111.6044919	1.609884917
7.288821561	-1.548646621	-4.418734091	7.805037101	0.868644765	179.8314448	111.5970014	1.611436172
7.326124748	-1.566833076	-4.446478912	7.84840244	0.868979422	179.917828	111.6361538	1.61164481
7.370692241	-1.587351128	-4.479021684	7.899809283	0.869356985	180.1486555	111.7641573	1.611864303
7.418990052	-1.606003903	-4.512496977	7.954324686	0.869700223	180.235584	111.8028435	1.612084079
7.461692385	-1.625122997	-4.543407691	8.00340005	0.870052043	180.3973962	111.8265169	1.613189798
7.506259877	-1.64517473	-4.575717303	8.054651453	0.870421024	180.5814573	111.8577686	1.614384585
7.557502676	-1.663827505	-4.61066509	8.112111845	0.870764263	180.7035378	111.9188541	1.614594246
7.603935328	-1.682946599	-4.643440963	8.164917528	0.871116082	180.8431506	112.0366017	1.614143484
7.649680816	-1.702998331	-4.676339574	8.217346926	0.871485064	180.9867665	112.0943457	1.614593184
7.696407966	-1.721184787	-4.708796376	8.270136228	0.871819721	181.0480945	112.1656873	1.614113004
7.740484627	-1.740303881	-4.740394254	8.320585921	0.872171541	181.2932495	112.2063787	1.615712508
7.788782438	-1.759889294	-4.774335866	8.375412203	0.872531941	181.2929603	112.1760183	1.616147222
7.83521509	-1.778542069	-4.806878579	8.428062446	0.87287518	181.4688631	112.3160585	1.615698285
7.874383436	-1.798593802	-4.836488619	8.473914704	0.873244161	181.6469893	112.3350549	1.617010731
7.920816088	-1.816780257	-4.868798173	8.526409507	0.873578819	181.7122438	112.3873134	1.616839466
7.971273557	-1.836365671	-4.903819614	8.583395447	0.873939219	181.8406313	112.3692573	1.618241819
8.01819704	-1.855484765	-4.936840902	8.636691962	0.874291039	181.8705014	112.379295	1.618363075
8.072482994	-1.874603859	-4.973543427	8.697350947	0.874642858	181.9823448	112.4973341	1.617659176
8.123234962	-1.893722953	-5.008478958	8.754475947	0.874994678	182.1974913	112.5492246	1.618824936
8.167606122	-1.913774686	-5.040690404	8.805531017	0.875363659	182.1656456	112.5488054	1.618548016
8.211780949	-1.93289378	-5.072337365	8.856078876	0.875715479	182.3333946	112.5439507	1.620108353
8.259195264	-1.951546555	-5.105370909	8.909710782	0.876058717	182.4584527	112.6465697	1.619742644
8.307591241	-1.971131968	-5.139361605	8.96463523	0.876419118	182.565812	112.7127822	1.619743639
8.353434895	-1.990717381	-5.172076138	9.017007355	0.876779518	182.6963096	112.7767544	1.619981978
8.403107034	-2.009836476	-5.206471755	9.073052526	0.877131338	182.7142935	112.843682	1.619180536
8.449736018	-2.02848925	-5.239112634	9.125899102	0.877474576	182.8489239	112.8783628	1.619875762
8.498426494	-2.048540983	-5.273483739	9.181273489	0.877843558	182.9674561	112.8776565	1.620935991
8.541914157	-2.066727438	-5.304320798	9.230823304	0.878178215	183.0262652	112.9071316	1.621033699
8.584420158	-2.085846532	-5.335133345	9.279702335	0.878530035	183.2588441	112.9740569	1.6221321
8.632816135	-2.104965627	-5.368890881	9.334471344	0.878881854	183.1731979	113.0165561	1.620764286
8.683666269	-2.123618401	-5.403642335	9.39153907	0.879225093	183.2933736	113.0569387	1.621248335
8.728037429	-2.143670134	-5.435853782	9.44259414	0.879594074	183.4556521	113.1009165	1.622052745
8.775942575	-2.162789228	-5.469365902	9.496872318	0.879945894	183.4845498	113.1209881	1.622020395
8.823455056	-2.181442003	-5.502448529	9.55060239	0.880289132	183.683394	113.1974655	1.622681155
8.875581352	-2.200561097	-5.538071224	9.609101717	0.880640952	183.6987556	113.222816	1.622453513
8.92103234	-2.22014651	-5.570589425	9.661081177	0.881001352	183.7356567	113.2762244	1.622014308
8.964323671	-2.238799285	-5.601561478	9.710590099	0.881344591	183.9102036	113.3243727	1.622865402
9.008596664	-2.257918379	-5.633257522	9.761236124	0.88169641	183.9816714	113.3987703	1.622430922
9.057777972	-2.276571154	-5.667174563	9.816635023	0.882039649	184.0665187	113.3968697	1.623206347
9.099105977	-2.295223929	-5.697164953	9.86418062	0.882382888	184.1579402	113.4271816	1.623578561
9.142102809	-2.314343023	-5.728222916	9.913550483	0.882734707	184.2086575	113.4442493	1.62378136
9.188829959	-2.334394756	-5.761612357	9.966961544	0.883103688	184.3858132	113.4830712	1.62478695
9.237225936	-2.352581211	-5.794903574	10.02141967	0.883438346	184.345318	113.4798498	1.624476224
9.284247586	-2.372166624	-5.828207105	10.07496979	0.883798747	184.4406896	113.5321134	1.624568451
9.329698575	-2.391285718	-5.860492147	10.12679381	0.884150566	184.589541	113.6119135	1.624737541
9.380156044	-2.409005854	-5.894580949	10.183158	0.884476643	184.5361856	113.6044864	1.624374103
9.427766691	-2.429057587	-5.928412139	10.23745255	0.884845624	184.7190257	113.6352501	1.625543356
9.477635162	-2.447710362	-5.962672762	10.29353862	0.885188863	184.7189935	113.6857333	1.624821234
9.523184317	-2.466363137	-5.994773727	10.34530536	0.885532101	184.727631	113.6887745	1.624853745
9.569518803	-2.485482231	-6.027500517	10.39801288	0.885883921	184.8282539	113.7731335	1.624533387
9.61791478	-2.504135005	-6.061024893	10.45262645	0.886227159	184.7992252	113.7228352	1.62499664
9.662187773	-2.52278778	-6.092487777	10.50311703	0.886570398	184.9179381	113.7319802	1.625909773
9.705184605	-2.541440555	-6.12331258	10.55233146	0.886913636	185.0839261	113.8381275	1.625851813
9.749457599	-2.56009333	-6.154775464	10.60282204	0.887256875	184.9999511	113.7594799	1.626237667
9.802074726	-2.578746104	-6.190410415	10.66165676	0.887600113	185.1232443	113.8413616	1.626151003
9.850078038	-2.59693256	-6.223505299	10.71572222	0.887934771	185.1040355	113.8146477	1.626363911
9.893987816	-2.615585334	-6.254786575	10.76584959	0.88827801	185.1684667	113.9071727	1.625608487
9.939340639	-2.634704428	-6.287022534	10.81757545	0.888629829	185.2647084	113.9089083	1.626428619
9.990504905	-2.652890884	-6.321697895	10.87480187	0.888964487	185.2206299	113.9044115	1.626105851
10.03455212	-2.67061102	-6.352581568	10.92475579	0.889290563	185.4423874	114.0289866	1.626274098
10.08441077	-2.690196433	-6.387303602	10.98114292	0.889650964	185.4338605	114.0564893	1.625807191
10.12644557	-2.707916569	-6.417181071	11.02908443	0.88997704	185.4089774	113.977309	1.626718327
10.17007067	-2.727035663	-6.448553166	11.07908256	0.89032886	185.4897807	114.0145204	1.626896118
10.21544313	-2.745222119	-6.480332622	11.13051716	0.890663517	185.4301726	114.005009	1.626508994
10.2599419	-2.763874893	-6.511908397	11.18123353	0.891006756	185.554211	114.0868152	1.626429932
10.30700282	-2.782061349	-6.544532083	11.2343566	0.891341414	185.6111439	114.0756098	1.627088772
10.35237527	-2.800714123	-6.576544698	11.28594665	0.891684652	185.5770518	114.0438538	1.627242904
10.40108538	-2.818900579	-6.60999298	11.34071891	0.89201931	185.7413892	114.1089099	1.627755355
10.4550572	-2.836154395	-6.6456058	11.400442	0.892336805	185.6650191	114.1544202	1.626437406
10.49892772	-2.854340851	-6.676634283	11.45037467	0.892671463	185.656711	114.1516508	1.626404083
10.5403637	-2.873926264	-6.707144984	11.49833912	0.893031863	185.7173924	114.121141	1.627370624
10.59321643	-2.891180081	-6.742198255	11.55694312	0.893349359	185.7583717	114.2059297	1.626521251
10.63799007	-2.909832856	-6.773911464	11.60793436	0.893692598	185.8665768	114.1810651	1.627823113
10.67719768	-2.928019311	-6.802608498	11.65320412	0.894027255	185.8629267	114.1694904	1.627956173
10.72201059	-2.945273127	-6.83364186	11.7037683	0.894344751	185.7916573	114.2374169	1.626364306
10.76621487	-2.963925902	-6.865070386	11.75419017	0.894687989	185.865063	114.2317025	1.627088268
10.81465011	-2.981179719	-6.897914916	11.80837669	0.895005485	185.8081924	114.2328946	1.62657344
10.86389032	-2.999832494	-6.931861407	11.86383449	0.895348724	185.8618926	114.2303217	1.627080182
10.91507422	-3.018018949	-6.966546585	11.92108054	0.895683381	185.8547751	114.2073952	1.627344488
10.96106512	-3.035272765	-6.998168945	11.97282271	0.896000877	185.8820818	114.2472474	1.627015845
11.00690878	-3.053459221	-7.030183999	12.02472852	0.896335534	185.9122523	114.3085273	1.626407555
11.0519082	-3.072111996	-7.062010099	12.07594553	0.896678773	185.8110441	114.2442842	1.626436241
11.1026798	-3.089832132	-7.096255967	12.13262385	0.89700485	185.8403004	114.2643133	1.626407187
11.15443307	-3.108951226	-7.131692146	12.19075014	0.897356669	185.8779731	114.2869859	1.626414169
11.20771773	-3.125738723	-7.166728224	12.24963063	0.897665584	185.7889848	114.2676001	1.625911322
11.25306073	-3.143925178	-7.198492955	12.30103579	0.898000241	185.8677563	114.3038913	1.626084241
11.29674473	-3.162111634	-7.22942818	12.35078194	0.898334899	185.8620006	114.3731827	1.625048776
11.34554319	-3.178899131	-7.262221158	12.40517623	0.898643814	185.7558395	114.3074507	1.625054521
11.39218199	-3.197551906	-7.294866946	12.45803262	0.898987052	185.8611939	114.3629608	1.625186971
11.43306824	-3.214805722	-7.323936983	12.50467015	0.899304548	185.7750325	114.3343213	1.624840471
11.48012916	-3.232525858	-7.356327509	12.55763778	0.899630624	185.858884	114.3826638	1.62488683
11.52372481	-3.250712313	-7.387218559	12.60729558	0.899965282	185.8002286	114.363112	1.624651737
11.57874701	-3.268898769	-7.423822888	12.66837993	0.90029994	185.7175291	114.3459035	1.624172999
11.62034988	-3.286618905	-7.453484391	12.71588951	0.900626016	185.772982	114.3947328	1.623964473
11.66263991	-3.303872721	-7.483256317	12.76393082	0.900943512	185.6618043	114.3578356	1.623516249
11.70681474	-3.321592857	-7.514203798	12.81401236	0.901269589	185.633083	114.3586198	1.623253964
11.75889195	-3.339312993	-7.549102473	12.87199628	0.901595665	185.6443089	114.3319358	1.623731004
11.80066171	-3.35656681	-7.578614257	12.91951731	0.901913161	185.6386913	114.2586103	1.624723869
11.84850795	-3.375219585	-7.611863768	12.97358115	0.902256399	185.6785896	114.2918967	1.624599775
11.90628863	-3.392007082	-7.649147853	13.03695765	0.902565314	185.5876331	114.3431459	1.623076151
11.95694243	-3.408794579	-7.682868503	13.09320729	0.902874229	185.5159883	114.3297033	1.622640337
11.99767162	-3.426981035	-7.712326326	13.13999863	0.903208886	185.5886316	114.3743097	1.622642638
12.04661733	-3.443768532	-7.745192929	13.19454017	0.903517801	185.4509686	114.308111	1.622378035
12.0919996	-3.461022348	-7.776510973	13.24567371	0.903835297	185.5455255	114.380171	1.62218262
12.1348001	-3.478742484	-7.806771291	13.29438093	0.904161373	185.4580977	114.4017654	1.621112201
12.17720793	-3.495996301	-7.836602116	13.34254003	0.904478869	185.5282371	114.3846042	1.621968606
12.2285489	-3.513716437	-7.871132667	13.39978771	0.904804946	185.5697903	114.4798613	1.620981964
12.27507972	-3.530970254	-7.903024984	13.4520698	0.905122441	185.4102323	114.3859723	1.620917571
12.32808951	-3.547291431	-7.93769047	13.51051998	0.905422775	185.3856586	114.35747	1.62110668
12.37069367	-3.564545248	-7.967619461	13.55887542	0.905740271	185.3769772	114.4148612	1.620217647
12.4154575	-3.580866426	-7.998161963	13.60907964	0.906040604	185.2746633	114.3913576	1.619656128
12.46591497	-3.598586562	-8.032250765	13.66544382	0.906366681	185.3949883	114.3910869	1.620711834
12.51136596	-3.61444142	-8.062903689	13.71617976	0.906658434	185.2962263	114.3781533	1.620031632
12.55946744	-3.631228918	-8.095348177	13.76987707	0.906967348	185.2375564	114.4194486	1.618934181
12.60305327	-3.648949054	-8.126001159	13.81936962	0.907293425	185.3072218	114.4125684	1.619640432
12.64742442	-3.665270231	-8.156347328	13.86918117	0.907593759	185.1667797	114.3756264	1.618935655
12.69444607	-3.681591409	-8.188018742	13.92164321	0.907894092	185.1926835	114.384828	1.619031883
12.74480538	-3.698845226	-8.221825301	13.97775379	0.908211588	185.1280697	114.3732431	1.618630938
12.78878387	-3.715166404	-8.251975138	14.02717267	0.908511922	185.0785986	114.3669487	1.618287457
12.83070087	-3.731953901	-8.281327388	14.07468551	0.908820837	185.126966	114.4441662	1.617618199
12.87723169	-3.748275079	-8.312753386	14.12665672	0.90912117	185.0247525	114.349243	1.618067139
12.92101385	-3.764596257	-8.342805055	14.17587927	0.909421504	184.8684196	114.317524	1.617148562
12.98285861	-3.780917435	-8.381888023	14.24316442	0.909721838	184.8664024	114.3474396	1.616707842
13.0283096	-3.797238613	-8.412774107	14.29405581	0.910022171	184.6980258	114.2811181	1.616172723
13.07503675	-3.81402611	-8.444531431	14.34637879	0.910331086	184.8723496	114.308719	1.617307509
13.12088041	-3.830813607	-8.475847006	14.39781827	0.910640001	184.7321633	114.2520373	1.616882882
13.16623323	-3.846668466	-8.506450847	14.44845605	0.910931754	184.7142276	114.2767277	1.616376591
13.21364754	-3.863455963	-8.538551753	14.5014662	0.911240668	184.7199918	114.2986361	1.6161172
13.26066919	-3.878844502	-8.569756847	14.55361736	0.91152384	184.6692673	114.2818899	1.615910162
13.30356786	-3.89516568	-8.599366768	14.60195642	0.911824174	184.6767029	114.2741725	1.61608436
13.34980418	-3.911486858	-8.630645517	14.65363313	0.912124508	184.5577327	114.2956107	1.614740335
13.40094881	-3.927341716	-8.664145263	14.71006271	0.91241626	184.433418	114.2438145	1.614384278
13.44738146	-3.944595533	-8.695988497	14.76224664	0.912733756	184.4484202	114.2589302	1.614302005
13.48733514	-3.960450391	-8.723892765	14.80748527	0.913025509	184.3394068	114.1718554	1.614578357
13.5322953	-3.97630525	-8.754300273	14.85773038	0.913317261	184.3216179	114.2169058	1.613785775
13.58402893	-3.991693789	-8.787861358	14.91459352	0.913600433	184.2773822	114.1922076	1.613747436
13.62584776	-4.008014967	-8.816931365	14.96185275	0.913900767	184.2271161	114.1855672	1.613401068
13.66933543	-4.023869825	-8.846602626	15.01062537	0.91419252	184.2079499	114.2197195	1.612750852
13.72391588	-4.039258365	-8.881587122	15.07033533	0.914475692	184.1404405	114.1972973	1.612476344
13.77221369	-4.054646904	-8.913430297	15.12376266	0.914758863	184.0439747	114.1549461	1.612229527
13.81795918	-4.070968082	-8.94446363	15.17494854	0.915059197	184.1034477	114.1950814	1.61218369
13.86075968	-4.086356621	-8.973558149	15.22287855	0.915342369	183.9425752	114.1315852	1.61167108
13.90621067	-4.102211479	-9.004211072	15.27361449	0.915634122	183.9821286	114.1650807	1.611544682
13.95607914	-4.118066338	-9.037072737	15.32876792	0.915925874	183.8855188	114.1226004	1.611298009
14.00270812	-4.132988557	-9.067848339	15.38037097	0.916200465	183.8227528	114.1321854	1.610612748
14.05434359	-4.147910777	-9.101127182	15.43698051	0.916475056	183.8376772	114.1471942	1.610531721
14.09675142	-4.163299316	-9.130025368	15.48451786	0.916758228	183.6440599	114.0218841	1.610603625
14.13965009	-4.179154175	-9.15940213	15.53270148	0.917049981	183.7052835	114.093353	1.610131341
14.19128555	-4.195009033	-9.193147292	15.58962189	0.917341733	183.6719445	114.08224	1.609995951
14.23781637	-4.209931253	-9.22387381	15.64112679	0.917616324	183.4830573	114.0295546	1.609083346
14.28199119	-4.225319792	-9.253655494	15.69043113	0.917899496	183.5587478	114.0850488	1.6089641
14.32901284	-4.240708331	-9.284860588	15.74258229	0.918182668	183.380638	114.0358748	1.608096034
14.38005931	-4.256096871	-9.318078091	15.79875827	0.91846584	183.2778512	113.9914976	1.607820365
14.43061495	-4.270552771	-9.350583859	15.85413254	0.91873185	183.2154383	113.9504633	1.607851632
14.47243378	-4.286407629	-9.379420706	15.90123633	0.919023602	183.0101601	113.9226592	1.606442137
14.51827744	-4.301796169	-9.410036803	15.95220949	0.919306774	182.9938293	113.8765936	1.606948571
14.56353209	-4.316252069	-9.439892081	16.00228278	0.919572784	182.9510245	113.8826363	1.606487437
14.61104457	-4.331174289	-9.471109431	16.05476934	0.919847375	182.8273073	113.8820193	1.605409778
14.65786989	-4.345630189	-9.50175004	16.10641329	0.920113385	182.8520038	113.9209204	1.605078357
14.70125939	-4.36008609	-9.530672739	16.15462142	0.920379395	182.7003512	113.8498966	1.604747626
14.7504407	-4.375008309	-9.562724502	16.2087768	0.920653985	182.7523171	113.8876105	1.604672503
14.79412469	-4.38946421	-9.59179445	16.25727943	0.920919995	182.7458505	113.926077	1.604073934
14.84055734	-4.40392011	-9.622238726	16.30853071	0.921186005	182.595997	113.8558958	1.603746522
14.89130931	-4.418376011	-9.654842661	16.36410131	0.921452015	182.5534288	113.8519024	1.603428883
14.93352081	-4.43376455	-9.683642681	16.41144233	0.921735187	182.4651012	113.8224599	1.603067632
14.9780883	-4.44868677	-9.713387537	16.46098389	0.922009778	182.4016122	113.7810669	1.603092827
15.02854577	-4.462676351	-9.745611062	16.51610456	0.922267207	182.3312212	113.7778332	1.602519718
15.07978857	-4.476665932	-9.778227252	16.57201055	0.922524635	182.2632379	113.7452191	1.602381527
15.12533773	-4.491121832	-9.80822978	16.62237834	0.922790645	182.2107481	113.7480335	1.601880423
15.16715656	-4.504645094	-9.835900829	16.66870493	0.923039493	182.1512615	113.7688267	1.601064781
15.22586	-4.518634675	-9.872247338	16.73207156	0.923296922	182.0256882	113.7777059	1.599836161
15.26718801	-4.533090575	-9.900139291	16.7782182	0.923562932	182.0069383	113.7308339	1.600330641
15.3117555	-4.547080156	-9.929417827	16.82744888	0.923820361	181.8537916	113.659474	1.599987974
15.36064231	-4.561069737	-9.960856022	16.88099889	0.92407779	181.8319111	113.6727345	1.599608841
15.4057988	-4.575991957	-9.990895377	16.93112945	0.924352381	181.7378677	113.6718937	1.598793349
15.45066079	-4.589981538	-10.02032116	16.98065463	0.92460981	181.6419471	113.6296432	1.598543672
15.49827144	-4.6035048	-10.05088812	17.03277304	0.924858658	181.5656672	113.6346426	1.597802071
15.54264259	-4.6179607	-10.08030165	17.08196283	0.925124667	181.4287729	113.6195991	1.596808775
15.5918239	-4.631017642	-10.11142077	17.13549645	0.925364934	181.3704883	113.5495149	1.597281049
15.63639139	-4.644540904	-10.14046615	17.1845717	0.925613782	181.2677565	113.494879	1.597144806
15.68213688	-4.658064166	-10.17010052	17.23482494	0.92586263	181.1419442	113.4730906	1.596342739
15.72552638	-4.671121108	-10.19832374	17.28256675	0.926102897	181.1576367	113.4887604	1.5962606
15.77863434	-4.68464437	-10.23163935	17.34018246	0.926351745	181.0365117	113.4785684	1.595336584
15.82231833	-4.697701312	-10.26000982	17.38821877	0.926592012	180.9036326	113.4241604	1.594930322
15.87415013	-4.712157212	-10.29315367	17.4448692	0.926858022	180.8287874	113.409408	1.594477836
15.9170488	-4.725680474	-10.32136464	17.49227562	0.92710687	180.6640663	113.3748119	1.593511497
15.97064759	-4.738271097	-10.35445934	17.55007129	0.927338556	180.6377504	113.345891	1.593685919
16.01433158	-4.751328039	-10.38282981	17.5981076	0.927578823	180.5213387	113.3274791	1.592917624
16.0701882	-4.763918662	-10.41705343	17.65816108	0.927810509	180.3182678	113.2800998	1.591791216
16.11171253	-4.777441924	-10.44457723	17.70419318	0.928059357	180.307947	113.2359565	1.592320607
16.15637819	-4.790032547	-10.47320537	17.75305571	0.928291043	180.0800372	113.1802976	1.591089978
16.20840632	-4.803555808	-10.50598107	17.80959159	0.928539891	179.949149	113.0759782	1.59140033
16.25523164	-4.816146431	-10.53568904	17.86061378	0.928771577	179.9166923	113.1260923	1.590408443
16.2984248	-4.828270735	-10.56334777	17.90784838	0.928994682	179.6767713	113.0765446	1.588983568
16.34004731	-4.841327677	-10.59068749	17.9538232	0.929234949	179.7401759	113.1180715	1.588960752
16.38854145	-4.853451981	-10.62099672	18.00635878	0.929458054	179.5501014	113.0647473	1.588029034
16.43212728	-4.866508923	-10.6493181	18.05429692	0.929698321	179.3812877	112.9985231	1.587465772
16.47669477	-4.878633227	-10.677664	18.10290585	0.929921426	179.3299269	112.9915988	1.5871085
16.52067327	-4.89122385	-10.70594856	18.15108122	0.930153112	179.1165045	112.920458	1.586218367
16.56769492	-4.902881834	-10.73528838	18.20198886	0.930367636	179.0363094	112.9140373	1.585598334
16.61736706	-4.916405095	-10.76688608	18.25616875	0.930616484	178.8539257	112.8634387	1.584693216
16.66507587	-4.92806308	-10.79656947	18.30776356	0.930831008	178.614184	112.8344238	1.582975992
16.715926	-4.940187383	-10.82805669	18.36265513	0.931054113	178.5291263	112.7756453	1.583046817
16.75784301	-4.952311687	-10.85507735	18.40861357	0.931277218	178.3215089	112.7166355	1.582033638
16.8029995	-4.963969671	-10.88348458	18.45765605	0.931491742	178.2049798	112.6676774	1.581686814
16.84982481	-4.976560294	-10.91319255	18.50867824	0.931723429	178.0590652	112.6391882	1.580791446
16.89439231	-4.987285639	-10.94083897	18.55682085	0.931920791	177.8161698	112.5685811	1.579625221
16.94484977	-4.998943624	-10.9718967	18.61116432	0.932135315	177.7530704	112.557663	1.579217849
16.99324575	-5.010135288	-11.00169052	18.66329085	0.932341258	177.5054995	112.4752203	1.578174277
17.03732241	-5.022259592	-11.029791	18.71140894	0.932564363	177.3786678	112.4734031	1.577072116
17.08993954	-5.033451257	-11.0616954	18.76775663	0.932770306	177.1787944	112.3968256	1.576368313
17.13215104	-5.044176602	-11.08816382	18.81354324	0.932967668	176.9295908	112.2935278	1.575599185
17.17691487	-5.055368267	-11.11614157	18.86203762	0.933173611	176.891626	112.2810348	1.575436371
17.22491818	-5.066559932	-11.14573906	18.91377149	0.933379554	176.6777914	112.2095946	1.574533728
17.27321599	-5.077285277	-11.17525063	18.96564442	0.933576917	176.4602464	112.1473566	1.573467728
17.32249546	-5.088010623	-11.20525304	19.018499	0.933774279	176.4375134	112.180239	1.572803865
17.36853545	-5.098735968	-11.23363571	19.06811411	0.933971641	176.1727999	112.0515411	1.572247897
17.41457544	-5.108994994	-11.26178522	19.11757377	0.934160422	176.1176055	112.083961	1.571300692
17.45727777	-5.11972034	-11.28849905	19.16385122	0.934357784	175.8723256	112.032708	1.569830175
17.50626274	-5.129513047	-11.3178879	19.21610043	0.934537985	175.6875056	111.9305604	1.569611597
17.55426606	-5.140238392	-11.34725222	19.26767885	0.934735347	175.5753652	111.9033762	1.568990777
17.59922621	-5.150497418	-11.37486182	19.31605869	0.934924128	175.3945075	111.8735973	1.567791791
17.64340104	-5.160290125	-11.40184558	19.36349775	0.935104328	175.2401885	111.8424687	1.566848359
17.69091352	-5.170082832	-11.43049818	19.41427447	0.935284528	175.0748518	111.7567684	1.566570457
17.73950583	-5.179875538	-11.45969068	19.46613101	0.935464729	174.8474324	111.701516	1.565309395
17.782699	-5.189668245	-11.48618362	19.51258841	0.935644929	174.7593001	111.6822535	1.564790238
17.83786845	-5.199460952	-11.5186647	19.5710221	0.935825129	174.6058462	111.6199342	1.564289098
17.8837121	-5.208787339	-11.54624972	19.61997455	0.935996748	174.3774334	111.5646746	1.563016555
17.92808326	-5.217181088	-11.57263217	19.66714362	0.936151206	174.2812486	111.593627	1.561749118
17.97127642	-5.226973794	-11.59912511	19.71360102	0.936331406	173.9982632	111.4691156	1.560954909
18.02497338	-5.236300182	-11.63063678	19.77040677	0.936503025	174.043875	111.4539745	1.561576209
18.06816655	-5.24516025	-11.6566634	19.8165533	0.936666064	173.8620371	111.3628549	1.561221085
18.11793685	-5.254486637	-11.68621174	19.8694324	0.936837683	173.66162	111.3673402	1.559358603
18.16446767	-5.263813025	-11.71414035	19.91907201	0.937009302	173.622943	111.3544478	1.55919181
18.2156123	-5.272673093	-11.7441427	19.97317	0.93717234	173.4443219	111.2644815	1.558847168
18.26135779	-5.281533161	-11.77144547	20.02186884	0.937335379	173.2257351	111.2018962	1.557758824
18.30896844	-5.289926909	-11.79944767	20.07227741	0.937489836	173.0555976	111.1755287	1.556597928
18.35706991	-5.298786977	-11.82792845	20.12333224	0.937652874	172.9826738	111.0701388	1.557418364
18.40183374	-5.307180726	-11.85450723	20.17089398	0.937807332	172.9650047	111.1453311	1.556205763
18.44551774	-5.315574474	-11.8805461	20.21737589	0.937961789	172.8467724	111.0856903	1.555976939
18.49195039	-5.323968223	-11.9079593	20.26660646	0.938116246	172.616108	111.0287892	1.554696843
18.53897204	-5.332361972	-11.935667	20.31642603	0.938270704	172.43568	110.9891195	1.553626885
18.58393219	-5.34075572	-11.96234396	20.3641841	0.938425161	172.3780551	110.9595532	1.553521532
18.63095384	-5.34868315	-11.9898185	20.41384823	0.938571037	172.3916765	110.9948437	1.553150316
18.6762085	-5.357543217	-12.01687586	20.46205624	0.938734076	172.2891878	110.9096198	1.553419696
18.72480081	-5.365004327	-12.04490257	20.51313558	0.938871371	172.1819228	110.8742698	1.552947525
18.76740498	-5.373864395	-12.07063469	20.55869311	0.93903441	172.1244084	110.8754903	1.5524117
18.8127578	-5.381325505	-12.09704165	20.60653297	0.939171705	171.9925387	110.8622837	1.551407142
18.86154644	-5.388786615	-12.12516653	20.65780865	0.939309	171.8888003	110.8068263	1.551247392
18.91210208	-5.397180364	-12.15464122	20.7111622	0.939463458	171.7680195	110.776843	1.550576951
18.95765123	-5.404641474	-12.18114635	20.75919839	0.939600753	171.6476091	110.7672942	1.549623563
19.00938486	-5.411636264	-12.21051056	20.81326362	0.939729468	171.6678198	110.7638351	1.549854424
19.06082399	-5.420496332	-12.24066016	20.8676561	0.939892506	171.583555	110.7459428	1.549343936
19.09989417	-5.426558484	-12.26322633	20.908747	0.940004058	171.51045	110.7009395	1.549313409
19.15496546	-5.434952233	-12.29495885	20.9666162	0.940158516	171.430926	110.6745125	1.548964817
19.20277244	-5.442879662	-12.32282605	21.01706566	0.940304392	171.2658314	110.599008	1.548529544
19.2465546	-5.448941814	-12.34774821	21.06286854	0.940415945	171.2139949	110.5821341	1.548297076
19.28856977	-5.456869243	-12.37271951	21.10752618	0.940561821	171.225326	110.6057362	1.548069132
19.33058494	-5.464330353	-12.39745765	21.15202839	0.940699116	171.1045671	110.6065912	1.546965377
19.38408556	-5.471325143	-12.42770535	21.20786061	0.940827831	171.0616681	110.6026495	1.546632642
19.43130354	-5.478786253	-12.4550449	21.25756563	0.940965126	170.9142965	110.5637217	1.545844278
19.47508571	-5.485314724	-12.48020022	21.30352395	0.94108526	170.8030552	110.4962152	1.545781951
19.51945687	-5.492775834	-12.50611635	21.35038214	0.941222555	170.7864169	110.4501281	1.546276313
19.57011067	-5.499770625	-12.53494065	21.40336754	0.94135127	170.7454262	110.4566136	1.545814421
19.61565982	-5.506765415	-12.56121262	21.45124829	0.941479984	170.7618445	110.4621673	1.545885334
19.6567915	-5.514226525	-12.58550901	21.494867	0.94161728	170.5535874	110.4130593	1.544686729
19.69831583	-5.520288677	-12.60930225	21.53841206	0.941728832	170.5333237	110.4063047	1.544597694
19.74602465	-5.527749787	-12.63688722	21.58860791	0.941866128	170.5480399	110.3908991	1.54494656
19.79491145	-5.534278258	-12.66459486	21.63967087	0.941986261	170.4142129	110.3666821	1.54407299
19.84183494	-5.541273048	-12.69155399	21.68892595	0.942114975	170.4156348	110.3976631	1.543652556
19.89327407	-5.5473352	-12.72030464	21.7423858	0.942226528	170.377837	110.4155708	1.543059876
19.94805086	-5.55479631	-12.75142358	21.79964963	0.942363823	170.3189681	110.4163399	1.542515975
19.99585784	-5.561324781	-12.77859131	21.84963276	0.942483957	170.3034266	110.3908484	1.542731387
20.03973816	-5.567853252	-12.80379571	21.89568925	0.94260409	170.1415087	110.3367947	1.542019678
20.082735	-5.574848043	-12.82879152	21.94101768	0.942732805	170.2705508	110.3292338	1.543294963
20.1313273	-5.581376514	-12.85635191	21.99178614	0.942852938	170.1680808	110.3254221	1.542419486
20.17638563	-5.587904985	-12.88214531	22.03902062	0.942973072	170.1387302	110.3056046	1.542430513
20.22792293	-5.594433456	-12.91117819	22.09273408	0.943093205	170.2072927	110.3385737	1.542591017
20.27985289	-5.601428247	-12.94064057	22.14699564	0.94322192	170.0120212	110.2632062	1.541874457
20.32363505	-5.607490399	-12.96556273	22.19279852	0.943333472	170.0013084	110.2799463	1.541543264
20.36388323	-5.61355255	-12.98871789	22.23506741	0.943445025	170.0634604	110.2805146	1.542098901
20.40835255	-5.620081022	-13.01421679	22.28171289	0.943565158	169.9118389	110.2299741	1.541430453
20.45370538	-5.626609493	-13.04015743	22.32924187	0.943685292	169.9390463	110.2594353	1.541265343
20.49915637	-5.633604283	-13.06638032	22.37702446	0.943814006	169.884475	110.2311298	1.54116605
20.54725784	-5.639200116	-13.09322898	22.42699122	0.943916978	169.8494641	110.2498045	1.54058744
20.59261067	-5.646661226	-13.11963595	22.47483107	0.944054273	169.9131452	110.2609976	1.541008598
20.63963232	-5.653189697	-13.14641101	22.52402888	0.944174407	169.8173712	110.2292349	1.540583778
20.6871448	-5.658785529	-13.17296516	22.57340664	0.944277378	169.7603489	110.2810325	1.539343123
20.73239945	-5.665314	-13.19885673	22.62083745	0.944397512	169.882721	110.3016742	1.540164483
20.78108993	-5.670909833	-13.22599988	22.67139321	0.944500483	169.6584232	110.1456642	1.540309593
20.82752258	-5.678370943	-13.25294676	22.72031289	0.944637779	169.6425988	110.1605384	1.539957967
20.87582039	-5.684433094	-13.28012674	22.77063142	0.944749331	169.6019854	110.1571966	1.539635998
20.92284204	-5.690495246	-13.30666864	22.81967379	0.944860884	169.5143838	110.1279961	1.539248781
20.96524987	-5.696091079	-13.33067048	22.8639469	0.944963855	169.5328103	110.2153823	1.538195548
21.00765771	-5.70261955	-13.35513863	22.90853089	0.945083989	169.5724958	110.2083808	1.538653364
21.06106017	-5.709148021	-13.38510409	22.96410951	0.945204122	169.6798725	110.244092	1.53912894
21.11181213	-5.715676492	-13.41374431	23.01703763	0.945324256	169.6022022	110.2082489	1.538924753
21.15795029	-5.721738644	-13.43984447	23.0651965	0.945435808	169.4704539	110.2152318	1.537631878
21.20880042	-5.728267115	-13.46853377	23.11822279	0.945555942	169.4115477	110.1138664	1.538512389
21.25287708	-5.734329267	-13.49360317	23.16432017	0.945667494	169.3564824	110.1562823	1.537420099
21.2988189	-5.740391419	-13.51960516	23.21228271	0.945779047	169.4606942	110.1810666	1.538020092
21.35202503	-5.74691989	-13.54947246	23.26766499	0.94589918	169.2293937	110.1243584	1.536711733
21.39708335	-5.752515722	-13.57479954	23.31458859	0.946002152	169.2600526	110.144774	1.536705251
21.44508666	-5.758111554	-13.60159911	23.36445718	0.946105124	169.2273422	110.1238366	1.536700386
21.48680733	-5.764640026	-13.62572368	23.40835401	0.946225257	169.2406836	110.1183307	1.536898376
21.5460016	-5.770235858	-13.65811873	23.46941355	0.946328229	169.2442051	110.1193425	1.536916233
21.59007826	-5.77629801	-13.68318814	23.51551093	0.946439781	169.2188746	110.110899	1.536804041
21.63817974	-5.782360162	-13.71026995	23.56563313	0.946551334	169.162084	110.1023268	1.536407893
21.68824455	-5.788422313	-13.73833343	23.61771865	0.946662886	169.1841079	110.1299791	1.536222101
21.73192854	-5.794484465	-13.7632065	23.66342336	0.946774439	169.0536142	110.0866432	1.535641466
21.7762997	-5.800080298	-13.78819	23.7096598	0.94687741	169.0809078	110.0752681	1.536048113
21.82300989	-5.806142449	-13.81457617	23.75839071	0.946988963	169.0909312	110.0988392	1.535810299
21.86972008	-5.812204601	-13.84096234	23.80712161	0.947100515	168.9802189	110.0316711	1.535741638
21.91643027	-5.817800434	-13.86711535	23.85569708	0.947203487	168.9983073	110.0680456	1.535398456
21.96314046	-5.824328905	-13.89373468	23.90458343	0.94732362	168.9658255	110.0572993	1.535253241
22.00985065	-5.829924737	-13.91988769	23.9531589	0.947426592	168.9196975	110.0621533	1.534766424
22.05656084	-5.83552057	-13.9460407	24.00173436	0.947529564	168.9261184	110.0847666	1.534509483
22.10327103	-5.841116402	-13.97219372	24.05030983	0.947632535	168.8572757	110.0920831	1.533782185
22.14998122	-5.847644873	-13.99881305	24.09919618	0.947752669	168.8657308	110.0442454	1.534525773
22.19669141	-5.853240706	-14.02496606	24.14777164	0.94785564	168.8042553	110.0543416	1.533826406
22.2434016	-5.858836538	-14.05111907	24.19634711	0.947958612	168.7164863	110.0149703	1.533577529
22.29011179	-5.86443237	-14.07727208	24.24492258	0.948061583	168.7111187	110.0132621	1.533552551
22.33682198	-5.870494522	-14.10365825	24.29365349	0.948173136	168.6337492	110.0076212	1.532927876
22.38353217	-5.876090355	-14.12981126	24.34222895	0.948276107	168.5309006	109.9938114	1.532185298
22.43024236	-5.881686187	-14.15596427	24.39080442	0.948379079	168.6224797	110.0039457	1.532876649
22.47695255	-5.887282019	-14.18211728	24.43937989	0.948482051	168.4709328	109.9432341	1.532344707
22.52366274	-5.892877852	-14.20827029	24.48795536	0.948585022	168.4986864	109.9626003	1.532327227
22.57037293	-5.898473684	-14.23442331	24.53653082	0.948687994	168.4329802	109.9508132	1.531893901
22.61708312	-5.904535836	-14.26080948	24.58526173	0.948799546	168.4597142	109.9091496	1.532717839
22.66379331	-5.910131668	-14.28696249	24.6338372	0.948902518	168.4944739	109.9309321	1.53273033
22.7105035	-5.91619382	-14.31334866	24.6825681	0.94901407	168.3905156	109.9468544	1.531562831
22.75721369	-5.921323333	-14.33926851	24.73098813	0.949108461	168.3996961	109.9196505	1.532025396
22.80392388	-5.926919166	-14.36542152	24.7795636	0.949211432	168.4563419	109.9689585	1.531853573
22.85063407	-5.932981317	-14.39180769	24.82829451	0.949322985	168.3113252	109.8901936	1.531631893
22.89734426	-5.93811083	-14.41772754	24.87671453	0.949417376	168.3647126	109.9587264	1.531162811
22.94405445	-5.943706663	-14.44388055	24.92529	0.949520347	168.2426907	109.9078564	1.530761278
22.99076464	-5.949302495	-14.47003357	24.97386547	0.949623319	168.2727876	109.9486387	1.530467222
23.03747483	-5.954898328	-14.49618658	25.02244094	0.94972629	168.2545177	109.9018457	1.530952611
23.08418502	-5.960027841	-14.52210643	25.07086096	0.949820681	168.1516696	109.837218	1.530917048
23.13089521	-5.966089993	-14.5484926	25.11959187	0.949932233	168.1213881	109.8475162	1.530497857
23.1776054	-5.971685825	-14.57464561	25.16816734	0.950035205	168.1287487	109.8395307	1.530676138
23.22431559	-5.976815338	-14.60056546	25.21658736	0.950129596	168.0812439	109.8645608	1.529895015
23.27102577	-5.98241117	-14.62671847	25.26516283	0.950232567	168.1511653	109.9483959	1.529364425
23.31773596	-5.988007003	-14.65287148	25.3137383	0.950335539	168.0140804	109.852288	1.529454538
23.36444615	-5.993136516	-14.67879134	25.36215833	0.950429929	168.0770424	109.8628363	1.529880787
23.41115634	-5.998732348	-14.70494435	25.41073379	0.950532901	168.0800456	109.8942634	1.529470606
23.45786653	-6.003395542	-14.73063104	25.45899838	0.95061871	168.006999	109.8194205	1.529847801
23.50457672	-6.009924013	-14.75725037	25.50788473	0.950738844	168.045123	109.8424055	1.529874753
23.55128691	-6.015519846	-14.78340338	25.5564602	0.950841816	167.9336456	109.8151994	1.529238635
23.5979971	-6.020183039	-14.80909007	25.60472478	0.950927625	167.933992	109.8664568	1.528528332
23.64470729	-6.026245191	-14.83547624	25.65345569	0.951039178	167.9540401	109.8121255	1.529467163
23.69141748	-6.030908385	-14.86116293	25.70172028	0.951124987	167.9173723	109.8303289	1.528879809
23.73812767	-6.036970536	-14.8875491	25.75045119	0.95123654	168.0545886	109.9066557	1.52906653
23.78483786	-6.042566369	-14.91370212	25.79902665	0.951339511	167.9721376	109.858942	1.528980113
23.83154805	-6.047229563	-14.93938881	25.84729124	0.951425321	167.9791123	109.8913689	1.528592408
23.87825824	-6.053291714	-14.96577498	25.89602215	0.951536874	167.9397678	109.8683011	1.528555244
23.92496843	-6.058887547	-14.99192799	25.94459761	0.951639845	167.853486	109.8192295	1.528452592
23.97167862	-6.06355074	-15.01761468	25.9928622	0.951725655	167.944259	109.8088652	1.529423501
24.01838881	-6.069612892	-15.04400085	26.04159311	0.951837207	167.879012	109.8173802	1.528710772
24.065099	-6.075208725	-15.07015386	26.09016858	0.951940179	167.8107983	109.7338713	1.529252512
24.11180919	-6.080338238	-15.09607371	26.1385886	0.952034569	167.8601089	109.7400311	1.529616013
24.15851938	-6.085467751	-15.12199357	26.18700863	0.95212896	167.8654335	109.74132	1.529646568
24.20522957	-6.091063583	-15.14814658	26.2355841	0.952231932	167.8042444	109.7618696	1.528802716
24.25193976	-6.096659416	-15.17429959	26.28415957	0.952334903	167.8559552	109.7994176	1.528750871
24.29864995	-6.101788929	-15.20021944	26.33257959	0.952429294	167.8098804	109.8248433	1.527977417
24.34536014	-6.106918442	-15.22613929	26.38099962	0.952523684	167.8255906	109.819803	1.528190599
24.39207033	-6.112514274	-15.2522923	26.42957509	0.952626656	167.8076762	109.7935206	1.528393254
24.43878052	-6.117643787	-15.27821215	26.47799512	0.952721047	167.7976523	109.8002943	1.528207674
24.48549071	-6.1227733	-15.30413201	26.52641514	0.952815437	167.831083	109.8215528	1.528216263
24.5322009	-6.127902813	-15.33005186	26.57483517	0.952909828	167.759084	109.8075062	1.527756069
24.57891109	-6.133498646	-15.35620487	26.62341064	0.953012799	167.744334	109.7931225	1.527821872
24.62562128	-6.139094478	-15.38235788	26.67198611	0.953115771	167.7367129	109.7902581	1.527792317
24.67233147	-6.143757672	-15.40804457	26.72025069	0.953201581	167.7195703	109.7845439	1.52771569
24.71904166	-6.149353504	-15.43419758	26.76882616	0.953304552	167.7732287	109.8127071	1.52781252
24.76575185	-6.154949337	-15.46035059	26.81740163	0.953407524	167.6711417	109.7683201	1.527500299
24.81246204	-6.16007885	-15.48627044	26.86582166	0.953501914	167.7324464	109.788836	1.527773247
24.85917223	-6.165208363	-15.5121903	26.91424168	0.953596305	167.7068366	109.8006914	1.527375051
24.90588242	-6.170337876	-15.53811015	26.96266171	0.953690695	167.6594627	109.7644271	1.527448074
24.95259261	-6.175467389	-15.56403	27.01108174	0.953785086	167.7021969	109.8094218	1.527211364
24.9993028	-6.180596902	-15.58994985	27.05950177	0.953879477	167.6401903	109.7990299	1.526791178
25.04601299	-6.185260095	-15.61563654	27.10776635	0.953965286	167.6653238	109.7769008	1.527327904
25.09272318	-6.191322247	-15.64202271	27.15649726	0.954076839	167.6772751	109.7810465	1.527379091
25.13943337	-6.195985441	-15.6677094	27.20476185	0.954162648	167.5833461	109.7598519	1.526818261
25.18614356	-6.201581273	-15.69386242	27.25333731	0.95426562	167.6281472	109.7950966	1.526736188
25.23285375	-6.206710786	-15.71978227	27.30175734	0.954360011	167.6303681	109.7654919	1.527168195
25.27956394	-6.211840299	-15.74570212	27.35017737	0.954454401	167.6539877	109.7833991	1.52713424
25.32627413	-6.217436132	-15.77185513	27.39875284	0.954557373	167.7089902	109.8525512	1.526673603
25.37298432	-6.222099326	-15.79754182	27.44701742	0.954643182	167.5716273	109.7863716	1.526342704
25.41969451	-6.227228839	-15.82346167	27.49543745	0.954737573	167.6664788	109.7876438	1.527188972
25.4664047	-6.23329099	-15.84984784	27.54416836	0.954849126	167.6414243	109.7996033	1.526794445
25.51311489	-6.237954184	-15.87553453	27.59243295	0.954934935	167.6363592	109.7776039	1.527054274
25.55982508	-6.243550016	-15.90168755	27.64100841	0.955037907	167.7119338	109.8633234	1.526550705
25.60653527	-6.24867953	-15.9276074	27.68942844	0.955132297	167.6271929	109.8354815	1.526166141
25.65324546	-6.253809043	-15.95352725	27.73784847	0.955226688	167.6424138	109.8001761	1.526795491
25.69995565	-6.259404875	-15.97968026	27.78642394	0.95532966	167.6388928	109.7277114	1.527771705
25.74666583	-6.264534388	-16.00560011	27.83484396	0.95542405	167.5610783	109.7729023	1.526433891
25.79337602	-6.269197582	-16.0312868	27.88310855	0.95550986	167.6372052	109.8388189	1.526210923
25.84008621	-6.274793414	-16.05743981	27.93168402	0.955612831	167.6154586	109.780914	1.526817845
25.8867964	-6.279922927	-16.08335967	27.98010405	0.955707222	167.5623023	109.7427223	1.526864824
25.93350659	-6.28505244	-16.10927952	28.02852407	0.955801613	167.5446404	109.747031	1.526643946
25.98021678	-6.289715634	-16.13496621	28.07678866	0.955887422	167.5027151	109.7227789	1.526599279
26.02692697	-6.295311466	-16.16111922	28.12536413	0.955990394	167.4627861	109.6993542	1.526561276
26.07363716	-6.300440979	-16.18703907	28.17378416	0.956084784	167.5441779	109.7165318	1.527064109
26.12034735	-6.305104173	-16.21272576	28.22204874	0.956170594	167.4345176	109.6595864	1.526857096
26.16705754	-6.310233686	-16.23864561	28.27046877	0.956264985	167.5474315	109.7379273	1.526796027
26.21376773	-6.315363199	-16.26456547	28.3188888	0.956359375	167.4368965	109.6808523	1.526582744
26.26047792	-6.320026393	-16.29025216	28.36715339	0.956445185	167.4474507	109.6538634	1.527054729
26.30718811	-6.325155906	-16.31617201	28.41557341	0.956539575	167.5030971	109.7333452	1.526455762
26.3538983	-6.330285419	-16.34209186	28.46399344	0.956633966	167.4489424	109.7052596	1.526352911
26.40060849	-6.335414932	-16.36801171	28.51241347	0.956728357	167.5218847	109.7091817	1.526963214
26.44731868	-6.340544445	-16.39393156	28.5608335	0.956822747	167.5098615	109.715613	1.526764122
26.49402887	-6.345207639	-16.41961826	28.60909808	0.956908557	167.4525847	109.7269467	1.526084428
26.54073906	-6.349870832	-16.44530495	28.65736267	0.956994366	167.5362508	109.7345244	1.526741485
26.58744925	-6.355932984	-16.47169112	28.70609358	0.957105919	167.4694962	109.7019959	1.526585682
26.63415944	-6.360129858	-16.49714465	28.75420273	0.957183148	167.4901122	109.7393749	1.526253565
26.68086963	-6.36619201	-16.52353082	28.80293363	0.9572947	167.4689211	109.7322302	1.526159824
26.72757982	-6.370388885	-16.54898435	28.85104278	0.957371929	167.4997659	109.7527888	1.526154987
26.77429001	-6.375984717	-16.57513736	28.89961825	0.9574749	167.4825502	109.7571652	1.52593728
26.8210002	-6.380647911	-16.60082406	28.94788284	0.95756071	167.4315712	109.7402532	1.525707899
26.86771039	-6.386243743	-16.62697707	28.9964583	0.957663682	167.4597407	109.7294131	1.526115342
26.91442058	-6.390906937	-16.65266376	29.04472289	0.957749491	167.4576382	109.7388272	1.525965261
26.96113077	-6.39557013	-16.67835045	29.09298748	0.957835301	167.2767108	109.6988291	1.524872345
27.00784096	-6.401165963	-16.70450346	29.14156295	0.957938272	167.4025197	109.8018604	1.52458728
27.05455115	-6.406295476	-16.73042331	29.18998297	0.958032663	167.2628372	109.6943666	1.524807904
27.10126134	-6.411424989	-16.75634316	29.238403	0.958127054	167.1861333	109.6889476	1.524183949
27.14797153	-6.416554502	-16.78226302	29.28682303	0.958221444	167.3050463	109.7288283	1.524713687
27.19468172	-6.421217696	-16.80794971	29.33508762	0.958307254	167.2148904	109.7491083	1.523610469
27.24139191	-6.426347209	-16.83386956	29.38350764	0.958401644	167.263543	109.7147508	1.524531038
27.2881021	-6.431943041	-16.86002257	29.43208311	0.958504616	167.1996735	109.734083	1.523680418
27.33481229	-6.436139915	-16.8854761	29.48019226	0.958581845	167.1762677	109.7262811	1.523575447
27.38152248	-6.441269428	-16.91139595	29.52861229	0.958676235	167.1895835	109.6698677	1.52448058
27.42823267	-6.446398941	-16.9373158	29.57703232	0.958770626	167.0600731	109.6979075	1.522910299
27.47494286	-6.451062135	-16.9630025	29.6252969	0.958856436	167.1886298	109.7306448	1.523627517
27.52165305	-6.456191648	-16.98892235	29.67371693	0.958950826	167.1319701	109.7116772	1.523374488
27.56836324	-6.460854842	-17.01460904	29.72198152	0.959036636	167.1211114	109.7285306	1.52304155
27.61507343	-6.466450674	-17.04076205	29.77055699	0.959139607	167.1190651	109.7276865	1.523034618
27.66178362	-6.471580187	-17.0666819	29.81897701	0.959233998	167.1314731	109.7217885	1.523229573
27.70849381	-6.476243381	-17.09236859	29.8672416	0.959319808	166.9781223	109.7010976	1.522118975
27.755204	-6.481839213	-17.11852161	29.91581707	0.959422779	167.0934606	109.8108347	1.521648215
27.80191419	-6.488367685	-17.14514094	29.96470341	0.959542913	167.037472	109.7509018	1.521969015
27.84862438	-6.493963517	-17.17129395	30.01327888	0.959645884	167.1211837	109.8093937	1.521920648
27.89533457	-6.500025669	-17.19768012	30.06200979	0.959757437	166.9965735	109.747951	1.521637279
27.94204476	-6.505155182	-17.22359997	30.11042982	0.959851827	166.9252419	109.6939098	1.521736642
27.98875495	-6.510284695	-17.24951982	30.15884984	0.959946218	166.9366722	109.7279839	1.521368262
28.03546514	-6.514947889	-17.27520651	30.20711443	0.960032028	166.869359	109.7057082	1.521063596
28.08217533	-6.520077402	-17.30112636	30.25553446	0.960126418	166.8563908	109.6813174	1.521283612
28.12888552	-6.525206915	-17.32704621	30.30395449	0.960220809	166.8398463	109.6755596	1.521212628
28.1755957	-6.529870108	-17.35273291	30.35221907	0.960306618	166.7722894	109.6123376	1.521473705
28.22230589	-6.534066983	-17.37818644	30.40032822	0.960383847	166.7879316	109.6989577	1.520414916
28.26901608	-6.538730176	-17.40387313	30.44859281	0.960469657	166.7167674	109.6546823	1.520379831
28.31572627	-6.544326009	-17.43002614	30.49716828	0.960572628	166.7436722	109.6740896	1.52035611
28.36243646	-6.548989202	-17.45571283	30.54543286	0.960658438	166.7478262	109.6752312	1.520378159
28.40914665	-6.553186077	-17.48116637	30.59354201	0.960735667	166.6908306	109.6054147	1.520826604
28.45585684	-6.558781909	-17.50731938	30.64211748	0.960838638	166.751507	109.6357552	1.520959168
28.50256703	-6.562512464	-17.53253975	30.69007119	0.960907286	166.6710458	109.6396848	1.520170786
28.54927722	-6.567641977	-17.5584596	30.73849122	0.961001676	166.5678276	109.6153937	1.51956602
28.59598741	-6.572305171	-17.58414629	30.7867558	0.961087486	166.7217891	109.6964112	1.519847252
28.6426976	-6.574636768	-17.60866719	30.83424319	0.961130391	166.0418337	109.4804414	1.516634676
