eps1        epsv      eps3             epsq       Void ratio    q           p          eta = q/p  
[%]         [%]       [%]              [%]        [%]           [kPa]       [kPa]      [-]

0	0	0	0	0.743476056	1.723778831	51.43527894	0.033513551
0.004104227	0.007398409	0.001647091	0.00163809	0.743347067	2.668848663	51.68916622	0.051632651
0.046483666	0.040691251	-0.002896208	0.032919916	0.742766614	24.40243943	58.93418848	0.414062534
0.100564158	0.061961678	-0.01930124	0.079910265	0.742395769	38.34240537	63.62157379	0.602663579
0.116296664	0.061036877	-0.027629894	0.095951039	0.742411893	40.93492859	64.4549752	0.635093388
0.118164899	0.061036877	-0.028564011	0.097819274	0.742411893	40.30351795	64.26392698	0.627156164
0.136945579	0.073059292	-0.031943144	0.112592482	0.742202285	45.69650563	66.07228454	0.691613828
0.185421365	0.084156906	-0.05063223	0.157369063	0.742008801	53.54880646	68.62882815	0.780266951
0.226325882	0.093867318	-0.066229282	0.195036776	0.741839502	60.98228929	71.12673376	0.857375083
0.273228418	0.102190529	-0.085518944	0.239164908	0.741694389	68.06568078	73.52834826	0.925706648
0.319442656	0.108201736	-0.10562046	0.28337541	0.741589585	74.71071731	75.71348944	0.986755701
0.367525129	0.11097614	-0.128274495	0.330533082	0.741541214	80.84371191	77.72762197	1.040089866
0.414525992	0.112363341	-0.151081325	0.377071545	0.741517028	86.48378874	79.60789358	1.086372027
0.462411809	0.109588938	-0.176411436	0.425882163	0.741565399	91.80975971	81.40304924	1.127841777
0.517672239	0.10357773	-0.207047254	0.483146329	0.741670203	96.93241804	83.16161701	1.165590828
0.56477143	0.094329719	-0.235220856	0.533328191	0.74183144	101.7752127	84.73498791	1.201100221
0.629176379	0.080920102	-0.274128139	0.602203012	0.742065233	106.3161833	86.28962077	1.232085416
0.681191979	0.066123283	-0.307534348	0.659150885	0.742323212	110.5941931	87.67489405	1.261412339
0.737239034	0.052251266	-0.342493884	0.719821945	0.742565068	114.8274019	89.13673262	1.288216412
0.799972404	0.036992047	-0.381490179	0.787641722	0.742831109	118.7721967	90.49247622	1.31250908
0.85808435	0.020808026	-0.418638162	0.851148342	0.743113273	122.4730553	91.71605678	1.335350206
0.919342798	0.002312003	-0.458515397	0.91857213	0.743435747	125.9445408	92.88350359	1.355940893
0.982076168	-0.019420824	-0.500748496	0.988549776	0.743814653	129.2933817	94.01994392	1.375169739
1.04471121	-0.040228851	-0.54247003	1.058120827	0.744177436	132.3306999	95.0531173	1.392176329
1.101446562	-0.062886479	-0.58216652	1.122408721	0.744572467	135.3482281	96.03888202	1.409306577
1.172144513	-0.086931309	-0.629537911	1.201121616	0.744991683	138.0077119	96.96561462	1.423264447
1.227109958	-0.112363341	-0.66973665	1.264564405	0.745435084	140.6773673	97.87590576	1.43730335
1.28709014	-0.138257774	-0.712673957	1.333176064	0.745886547	143.2092202	98.71006375	1.450806684
1.348643572	-0.166001809	-0.75732269	1.403977508	0.746370258	145.5410763	99.44702912	1.463503512
1.411868582	-0.194208244	-0.803038413	1.476604664	0.74686203	147.8703888	100.2639506	1.474811115
1.473815327	-0.225651484	-0.849733406	1.549032489	0.747410236	149.9922305	101.0117152	1.484899353
1.529764054	-0.257094724	-0.893429389	1.615462295	0.747958441	152.144155	101.7594683	1.495135121
1.594365659	-0.288075563	-0.941220611	1.690390846	0.748498584	154.0396055	102.3712072	1.504716119
1.65542745	-0.320906004	-0.988166727	1.762396118	0.749070975	156.0486782	103.0310231	1.514579527
1.713932709	-0.353736445	-1.033834577	1.831844858	0.749643366	157.8934034	103.7468135	1.521910873
1.783352394	-0.388416489	-1.085884442	1.912824557	0.750248005	159.6590987	104.3960226	1.529359977
1.840677715	-0.421709331	-1.131193523	1.981247492	0.750828457	161.348458	104.9288613	1.537693786
1.905279321	-0.456389374	-1.180834348	2.057409112	0.751433095	162.940705	105.4903013	1.544603655
1.963981236	-0.491994219	-1.227987728	2.127979309	0.752053857	164.5230378	105.9776716	1.552431142
2.03290928	-0.527599064	-1.280254172	2.208775635	0.752674619	166.0253235	106.5093705	1.558786074
2.095937635	-0.564591111	-1.330264373	2.284134672	0.753319567	167.4675685	106.9999938	1.565117553
2.159162646	-0.60343276	-1.381297703	2.360306899	0.753996762	168.8537455	107.4723378	1.571136805
2.215308029	-0.641349607	-1.428328818	2.429091231	0.754657833	170.1963416	108.0010839	1.575876237
2.268700223	-0.680653657	-1.47467694	2.495584775	0.75534309	171.5633685	108.4565955	1.581862013
2.331138609	-0.719495306	-1.525316957	2.570970377	0.756020284	172.7890742	108.8346371	1.587629443
2.39003718	-0.759724156	-1.574880668	2.643278565	0.756721665	174.0307478	109.2379973	1.593133819
2.452672222	-0.799953007	-1.626312614	2.719323224	0.757423045	175.2088403	109.6714248	1.597579685
2.521698595	-0.84203146	-1.681865027	2.802375748	0.758156673	176.3596108	110.0040819	1.603209696
2.573714195	-0.882722711	-1.728218453	2.867955098	0.758866115	177.442665	110.436603	1.606737804
2.628286327	-0.924338763	-1.776312545	2.936399248	0.759591681	178.5073713	110.8832501	1.609867777
2.695641121	-0.965954816	-1.830797968	3.017626059	0.760317247	179.4775682	111.2179181	1.613746879
2.763880868	-1.009420471	-1.886650669	3.100354358	0.76107506	180.499188	111.528177	1.61841781
2.821501173	-1.051498923	-1.936500048	3.172000815	0.761808688	181.4084104	111.8312511	1.622162039
2.882956277	-1.094964578	-1.988960428	3.24794447	0.762566501	182.276551	112.1909863	1.624698712
2.941559864	-1.138892633	-2.040226249	3.321190742	0.763332376	183.2399323	112.5119494	1.62862641
3.001048405	-1.182820689	-2.091934547	3.395321968	0.764098252	184.0530554	112.8746535	1.630596859
3.066534964	-1.226748744	-2.146641854	3.475451212	0.764864127	184.813819	113.2097833	1.632489822
3.127006786	-1.272064001	-2.199535394	3.55102812	0.765654187	185.6478322	113.4168587	1.636862758
3.179809011	-1.316454457	-2.248131734	3.618627164	0.766428124	186.369851	113.6274147	1.640183855
3.24421396	-1.361307313	-2.302760637	3.697983065	0.767210123	187.1884036	113.9413235	1.642849124
3.309307206	-1.40616017	-2.357733688	3.778027263	0.767992122	187.8676704	114.2284718	1.644665883
3.369582372	-1.451475427	-2.410528899	3.853407514	0.768782183	188.607	114.495403	1.647288844
3.418844783	-1.496328283	-2.457586533	3.917620878	0.769564181	189.2168402	114.6993391	1.649676814
3.481381497	-1.542568342	-2.511974919	3.995570944	0.770370366	189.9078913	114.8683074	1.65326621
3.545294805	-1.587421198	-2.566358002	4.074435204	0.771152365	190.5052291	115.128474	1.654718615
3.603210095	-1.633198856	-2.618204475	4.147609714	0.771950487	191.1400827	115.3907789	1.6564589
3.659355478	-1.678976513	-2.669165996	4.219014316	0.77274861	191.6563453	115.6032684	1.657879988
3.716484142	-1.726603773	-2.721543958	4.292018734	0.773578979	192.2670013	115.8275544	1.659941818
3.791115221	-1.772381431	-2.781748326	4.381909031	0.774377102	192.8012479	115.9858866	1.662281968
3.851488715	-1.818621489	-2.835055102	4.457695878	0.775183286	193.2991458	116.1522626	1.66418752
3.907929082	-1.863936746	-2.885932914	4.529241331	0.775973347	193.7765945	116.2710102	1.666594228
3.971744062	-1.910639205	-2.941191633	4.608623797	0.776787593	194.225673	116.501999	1.667144553
4.036050683	-1.959191266	-2.997620974	4.689114438	0.777634087	194.6689259	116.629426	1.669123588
4.094064301	-2.006356125	-3.050210213	4.762849676	0.778456395	195.1406751	116.8173667	1.670476579
4.160534141	-2.053520985	-3.107027563	4.845041136	0.779278703	195.536562	117.000016	1.671252438
4.215991227	-2.100685844	-3.158338535	4.916219842	0.780101011	195.9346559	117.203725	1.671744272
4.268695124	-2.147388303	-3.208041713	4.984491225	0.780915257	196.3000683	117.3962121	1.672115861
4.341457967	-2.195477963	-3.268467965	5.073283955	0.781753689	196.7063664	117.5520508	1.673355463
4.411467621	-2.243105223	-3.327286422	5.159169362	0.782584059	197.0274728	117.6795743	1.674270782
4.468006317	-2.292119685	-3.380063001	5.232046212	0.783438614	197.3726203	117.8149474	1.675276564
4.528871452	-2.339746945	-3.434309198	5.3087871	0.784268984	197.691511	117.9211623	1.676471866
4.586000116	-2.387836605	-3.486918361	5.381945652	0.785107415	198.0210237	118.0416949	1.677551512
4.650503393	-2.435926266	-3.54321483	5.462478815	0.785945847	198.3437137	118.1597892	1.678605852
4.721398001	-2.483553526	-3.602475764	5.549249177	0.786776217	198.5488464	118.2283308	1.679367754
4.772233663	-2.530718385	-3.651476024	5.615806458	0.787598525	198.8431611	118.3061937	1.68075022
4.834573721	-2.579270446	-3.706922084	5.694330536	0.788445019	199.1760111	118.4781157	1.681120686
4.889145853	-2.627360107	-3.75825298	5.764932555	0.78928345	199.4023939	118.6244236	1.68095564
4.948241081	-2.675912168	-3.812076624	5.840211803	0.790129944	199.6506453	118.7376191	1.6814439
5.00782795	-2.723539428	-3.865683689	5.915674426	0.790960314	199.8423784	118.8216901	1.681867832
5.07646101	-2.771629089	-3.924045049	6.000337372	0.791798746	200.0604607	118.8851652	1.682804245
5.137227816	-2.819256348	-3.978242082	6.076979932	0.792629115	200.3186645	119.0118812	1.68318207
5.197699639	-2.86780841	-4.032754024	6.153635775	0.793475609	200.5466983	119.0779354	1.684163381
5.259941368	-2.91589807	-4.087919719	6.231907391	0.794314041	200.6961423	119.1786011	1.683994781
5.323854676	-2.963987731	-4.143921203	6.311850586	0.795152472	200.9022374	119.2579945	1.684601844
5.383441545	-3.012539792	-4.197990668	6.387621475	0.795998966	201.0878023	119.3096464	1.685427862
5.444405008	-3.061091853	-4.25274843	6.464768959	0.79684546	201.2417375	119.3916492	1.685559576
5.506155096	-3.108256712	-4.307205904	6.542240667	0.797667768	201.377419	119.4471613	1.685912137
5.564463699	-3.155883972	-4.360173835	6.616425023	0.798498137	201.5701921	119.572227	1.685760959
5.624935521	-3.203973633	-4.414454577	6.692926732	0.799336569	201.7102186	119.6597965	1.685697489
5.68452239	-3.252525694	-4.468524042	6.768697621	0.800183063	201.8134533	119.6942901	1.68607419
5.752565481	-3.300615354	-4.526590417	6.852770599	0.801021494	201.9686104	119.8473831	1.685215022
5.817855383	-3.348705015	-4.583280199	6.934090388	0.801859926	202.0037524	119.7677621	1.686628762
5.878917174	-3.396332275	-4.637624724	7.011027932	0.802690296	202.1411142	119.8341194	1.68684107
5.942830482	-3.444884336	-4.693857409	7.091125261	0.80353679	202.1820284	119.8885695	1.686416222
6.003302304	-3.492973996	-4.74813815	7.16762697	0.804375221	202.3186557	119.9848809	1.686201246
6.06249586	-3.540601256	-4.801548558	7.242696279	0.805205591	202.4029502	120.0130611	1.686507688
6.123459324	-3.588228516	-4.85584392	7.319535496	0.806035961	202.4691308	120.0553633	1.686464688
6.186586006	-3.635855776	-4.911220891	7.398537932	0.806866331	202.5993001	120.099081	1.686934641
6.246664516	-3.684407837	-4.965536177	7.474800462	0.807712824	202.6416227	120.1133526	1.687086559
6.304383149	-3.731572697	-5.017977923	7.548240715	0.808535133	202.6040475	120.1416395	1.686376583
6.364559987	-3.779199957	-5.071879972	7.624293306	0.809365502	202.6932147	120.2120919	1.686130002
6.434274657	-3.827289617	-5.130782137	7.710037863	0.810203934	202.7007115	120.2855198	1.685163034
6.497597996	-3.874916877	-5.186257437	7.789236955	0.811034304	202.7042626	120.2667895	1.685455007
6.55797149	-3.923468938	-5.240720214	7.86579447	0.811880798	202.7258162	120.3146221	1.684964078
6.618443312	-3.971096198	-5.294769755	7.942142045	0.812711167	202.7486205	120.3121845	1.685187758
6.677735197	-4.018261058	-5.347998127	8.017155549	0.813533475	202.7517221	120.3133004	1.685197908
6.729455812	-4.066350718	-5.397903265	8.084906051	0.814371907	202.7509515	120.3536915	1.684625947
6.789141009	-4.113977978	-5.451559493	8.160467002	0.815202277	202.7426432	120.3914881	1.684028053
6.849711159	-4.160680437	-5.505195798	8.236604638	0.816016523	202.7020865	120.4187812	1.683309568
6.918049235	-4.206920495	-5.562484865	8.320356067	0.816822708	202.6134992	120.3689281	1.683270778
6.980192636	-4.253622954	-5.616907795	8.398066954	0.817636954	202.6372492	120.4069617	1.682936321
7.042434365	-4.299863012	-5.671148689	8.475722036	0.818443138	202.5434089	120.4063726	1.682165192
7.103496156	-4.34610307	-5.724799613	8.55219718	0.819249322	202.5653068	120.4339959	1.681961187
7.166229526	-4.391418327	-5.778823927	8.630035635	0.820039383	202.4809276	120.4065255	1.681644136
7.221391628	-4.438120786	-5.829756207	8.700765223	0.820853629	202.4509473	120.4375081	1.680962605
7.289041406	-4.483436043	-5.886238725	8.783520087	0.82164369	202.387174	120.4164143	1.680727458
7.349218244	-4.529676101	-5.939447173	8.859110277	0.822449874	202.3332251	120.4592394	1.679682075
7.40624858	-4.574991358	-5.990619969	8.9312457	0.823239935	202.2337014	120.4263108	1.679314928
7.469670247	-4.621231417	-6.045450832	9.01008072	0.824046119	202.1948888	120.4436543	1.678750865
7.525717302	-4.666084273	-6.095900788	9.081078726	0.824828118	202.0487655	120.4054775	1.678069551
7.589728938	-4.711861931	-6.150795434	9.160349582	0.825626241	202.0092542	120.4531151	1.677077875
7.652953949	-4.756714787	-6.204834368	9.238525545	0.826408239	201.9147026	120.4621639	1.67616699
7.718637164	-4.801567644	-6.260102404	9.319159712	0.827190238	201.8505245	120.4209392	1.676207858
7.787958521	-4.846882901	-6.317420711	9.403586155	0.827980299	201.7101816	120.3947282	1.675407093
7.842628982	-4.891273356	-6.366951169	9.473053434	0.828754236	201.6259945	120.4176808	1.67438862
7.906050649	-4.935663812	-6.420857231	9.55127192	0.829528173	201.5225857	120.3833752	1.674006775
7.969963957	-4.979591868	-6.474777912	9.629827913	0.830294048	201.4367538	120.3545186	1.673694982
8.034073922	-5.023982323	-6.529028122	9.708734696	0.831067985	201.2692756	120.3190985	1.672795741
8.097298932	-5.067910379	-6.582604656	9.786602392	0.83183386	201.1580933	120.2815458	1.67239365
8.161605553	-5.112300835	-6.636953194	9.865705831	0.832607797	201.0302603	120.2684778	1.67151247
8.21430945	-5.154841688	-6.684575569	9.932590013	0.833349487	200.9224484	120.2424975	1.670977006
8.275567898	-5.197844942	-6.73670642	10.00818288	0.834099238	200.8438192	120.2477167	1.670250585
8.348724053	-5.240848196	-6.794786125	10.09567345	0.834848989	200.6681053	120.2204104	1.66916836
8.402214576	-5.28338905	-6.842801813	10.16334426	0.835590679	200.5629273	120.1653551	1.669057834
8.463768008	-5.326854705	-6.895311356	10.23938624	0.836348492	200.4117752	120.2067161	1.667226107
8.531712771	-5.368933158	-6.950322964	10.32135716	0.83708212	200.2448854	120.1208051	1.667029164
8.593462859	-5.411011611	-7.002237235	10.3971334	0.837815748	200.0342324	120.0709115	1.665967468
8.64705171	-5.454014865	-7.050533287	10.46505666	0.838565499	199.8486589	120.0698616	1.664436489
8.711751643	-5.495168517	-7.10346008	10.54347448	0.839283003	199.7040709	120.0623956	1.663335717
8.767307057	-5.537246969	-7.152277013	10.61305605	0.840016631	199.5073608	120.0071926	1.662461695
8.823649096	-5.578863022	-7.201256059	10.6832701	0.840742197	199.3495066	120.0158745	1.661026155
8.884612559	-5.619554273	-7.252083416	10.75779732	0.841451639	199.1350746	119.9337842	1.660375147
8.951672369	-5.660707925	-7.306190147	10.83857501	0.842169143	198.9329348	119.9063143	1.659069717
9.010865925	-5.701861577	-7.356363751	10.91148645	0.842886647	198.7349612	119.8915021	1.657623416
9.07438592	-5.742552828	-7.408469374	10.9885702	0.84359609	198.5416791	119.8172817	1.657037084
9.135251055	-5.782781679	-7.459016367	11.06284495	0.84429747	198.4032599	119.771716	1.656511793
9.200049317	-5.823010529	-7.511529923	11.14105283	0.84499885	198.1296409	119.7513566	1.654508529
9.261406092	-5.862776979	-7.562091536	11.21566509	0.845692169	197.9388291	119.6667727	1.654083457
9.320108008	-5.902081029	-7.611094518	11.28746835	0.846377426	197.7460757	119.5821976	1.653641426
9.374581812	-5.941847479	-7.658214645	11.35519764	0.847070744	197.5313375	119.5004972	1.652975027
9.438298463	-5.980226727	-7.709262595	11.43170737	0.847739877	197.2861875	119.4696315	1.651350096
9.506341554	-6.019530776	-7.762936165	11.51285181	0.848425134	197.0648736	119.4063912	1.650371237
9.564876312	-6.059297227	-7.812086769	11.58464205	0.849118452	196.7594253	119.3556721	1.648513404
9.629005942	-6.097676475	-7.863341208	11.66156477	0.849787585	196.631129	119.3328207	1.64775397
9.689418767	-6.136518124	-7.912968445	11.73492481	0.85046478	196.3411711	119.205313	1.647084061
9.750087246	-6.17351017	-7.961798708	11.80792397	0.851109728	196.1236101	119.1839717	1.64555357
9.807235576	-6.211427018	-8.009331297	11.87771125	0.851770799	195.8084537	119.1306726	1.643644323
9.86558351	-6.248419065	-8.057001287	11.94838986	0.852415746	195.6006998	119.0312223	1.643272211
9.925298205	-6.285411111	-8.105354658	12.02043524	0.853060694	195.3513289	118.9177356	1.64274343
9.984904739	-6.322865558	-8.153885149	12.09252659	0.853713703	195.1317437	118.8954736	1.641204142
10.05062729	-6.359857605	-8.205242445	12.17057982	0.854358651	194.7665255	118.8547842	1.638693191
10.11701846	-6.396387251	-8.256702857	12.24914755	0.854995536	194.4871653	118.7719491	1.637483991
10.17504191	-6.432916897	-8.303979406	12.31934755	0.855632422	194.2047182	118.6373981	1.636960363
10.23504176	-6.468521742	-8.351781752	12.39121568	0.856253184	193.8942539	118.574476	1.635210717
10.29771613	-6.504126586	-8.400921361	12.46575833	0.856873946	193.5740943	118.4677561	1.633981268
10.34887628	-6.539269031	-8.444072655	12.52863262	0.857486646	193.2799788	118.4508496	1.631731469
10.40892529	-6.574411475	-8.491668383	12.60039578	0.858099346	192.9199925	118.2700462	1.631182187
10.46973143	-6.609553919	-8.539642674	12.67291607	0.858712046	192.5460182	118.1758331	1.629318053
10.53279911	-6.643309162	-8.588054138	12.7472355	0.859300561	192.1061389	118.0701826	1.627050408
10.59953444	-6.677064404	-8.638299422	12.82522258	0.859889075	191.7912213	117.9651281	1.625829806
10.66020292	-6.710819647	-8.685511283	12.8971428	0.86047759	191.2894343	117.8892828	1.622619375
10.72329027	-6.743650088	-8.733470179	12.97117363	0.861049981	190.8870161	117.7344914	1.621334699
10.78524685	-6.776018129	-8.780632489	13.04391956	0.86161431	190.3778321	117.5755404	1.619195893
10.85563998	-6.807923769	-8.831781876	13.12494791	0.862170577	189.9754226	117.4517709	1.617476018
10.92050707	-6.839829409	-8.880168241	13.20045021	0.862726844	189.4665235	117.2918488	1.615342629
10.97594449	-6.871272649	-8.923608571	13.26636871	0.863275049	188.9198748	117.2008036	1.611933272
11.04044777	-6.901328686	-8.970888229	13.34089067	0.863799069	188.399608	116.9972643	1.610290711
11.09533455	-6.931384724	-9.013359639	13.40579613	0.864323089	187.9088988	116.7422776	1.609604529
11.15877589	-6.960515961	-9.059645924	13.47894787	0.864830985	187.3728507	116.5537199	1.607609357
11.2174188	-6.990109598	-9.103764201	13.54745534	0.865346943	186.9440097	116.4821119	1.604916039
11.27536359	-7.019240835	-9.147302214	13.61511054	0.865854839	186.3619166	116.3184439	1.60216996
11.33633689	-7.046522469	-9.191429679	13.68517771	0.866330488	185.8618366	116.1523245	1.600155979
11.3950388	-7.073804103	-9.234421454	13.75297351	0.866806137	185.3461544	115.9603525	1.598357977
11.45652341	-7.101548138	-9.279035772	13.82370612	0.867289847	185.0601778	115.8953899	1.59678636
11.51931577	-7.12698017	-9.323147972	13.89497583	0.867733249	184.4689377	115.7384659	1.593842948
11.58971874	-7.153337004	-9.371527872	13.97416441	0.868192774	184.087881	115.652095	1.591738403
11.64769303	-7.179231436	-9.413462232	14.04077017	0.868644237	183.6123	115.433006	1.590639509
11.71050506	-7.204663468	-9.457584264	14.11205955	0.869087639	183.2286931	115.294278	1.58922625
11.77162585	-7.230557901	-9.501091874	14.18181181	0.869539102	182.8734046	115.1451575	1.588198831
11.82678795	-7.255065132	-9.54092654	14.24514299	0.869966379	182.4328372	115.0699687	1.585407898
11.88686646	-7.279572362	-9.583219411	14.31339058	0.870393657	181.9575953	114.9417538	1.583041752
11.94940317	-7.303154792	-9.626278982	14.3837881	0.870804811	181.7425601	114.9305554	1.581324997
12.01341481	-7.326737222	-9.670076015	14.45566055	0.871215965	181.1950721	114.8201364	1.578077486
12.07359165	-7.349857251	-9.711724449	14.52354406	0.871619057	180.894605	114.6794967	1.577392736
12.13888155	-7.37297728	-9.755929414	14.59654064	0.87202215	180.513158	114.4913757	1.576652887
12.19778012	-7.395634909	-9.796707514	14.66299176	0.87241718	180.1710356	114.3877019	1.575090964
12.2591369	-7.418292537	-9.838714717	14.73190108	0.87281221	179.8117953	114.2982361	1.573180842
12.31715051	-7.440487765	-9.87881914	14.7973131	0.873199179	179.4522886	114.1486935	1.572092356
12.38116215	-7.461758192	-9.921460171	14.86841488	0.873570023	179.0575868	114.0070873	1.570582945
12.44537044	-7.483491019	-9.964430731	14.93986745	0.87394893	178.7699809	113.8704066	1.569942412
12.49886097	-7.503836645	-10.00134881	15.00013985	0.874303651	178.423997	113.7651177	1.568354173
12.55677626	-7.524644671	-10.04071046	15.06499115	0.874666434	178.0644775	113.6753128	1.566430503
12.63298058	-7.544990297	-10.08898544	15.14797735	0.875021155	177.8673739	113.6301816	1.565318046
12.70141699	-7.565798323	-10.13360766	15.22334976	0.875383938	177.4995586	113.5385955	1.563341151
12.75598912	-7.586143948	-10.17106653	15.28470377	0.875738659	177.2642692	113.4704507	1.562206443
12.81832918	-7.606489574	-10.21240938	15.3538257	0.87609338	176.963936	113.3598087	1.561081816
12.88076756	-7.625910398	-10.25333898	15.4227377	0.876431978	176.5004689	113.2557606	1.558423765
12.93887951	-7.644868822	-10.29187417	15.48716912	0.876762513	176.2570108	113.2458649	1.556410125
12.99915468	-7.663827246	-10.33149096	15.55376376	0.877093049	175.923034	113.1041763	1.555407057
13.06847603	-7.683248071	-10.37586205	15.62955872	0.877431646	175.7306172	112.9481284	1.555852405
13.12757126	-7.702206494	-10.41488888	15.69497343	0.877762182	175.3709113	112.8387574	1.554172656
13.18450327	-7.720702518	-10.45260289	15.75807077	0.878084656	175.0454373	112.8111521	1.551667845
13.24841658	-7.73873614	-10.49357636	15.82799529	0.878399068	174.7848543	112.7651031	1.54999064
13.30682351	-7.756769763	-10.53179664	15.89241343	0.87871348	174.310423	112.5969203	1.548092279
13.36926189	-7.775728187	-10.57249504	15.96117129	0.879044015	174.0969753	112.5558881	1.546760265
13.43543675	-7.793299409	-10.61436808	16.03320322	0.879350365	173.8498116	112.4838672	1.545553295
13.50052999	-7.810870631	-10.65570031	16.10415354	0.879656715	173.4049712	112.2345411	1.545023213
13.55706869	-7.827979453	-10.69252407	16.16639517	0.879955003	173.1295083	112.0619161	1.544945101
13.62383352	-7.845088274	-10.73446089	16.23886294	0.880253292	172.7971654	112.0218181	1.542531342
13.68519029	-7.861272295	-10.77323129	16.30561439	0.880535456	172.4774778	112.0064266	1.539889121
13.75146347	-7.877918716	-10.8146911	16.37743638	0.880825683	172.0784145	111.9245025	1.537450788
13.8081005	-7.894102736	-10.85110162	16.43946808	0.881107847	171.5168415	111.7170695	1.535278738
13.87044056	-7.909824356	-10.89013246	16.50704867	0.88138195	171.1891051	111.475923	1.535659903
13.93002742	-7.925083575	-10.9275555	16.57172195	0.881647991	170.7421142	111.2964811	1.534119611
13.99531733	-7.940342794	-10.96783006	16.64209826	0.881914031	170.2113963	111.2517221	1.529966396
14.06699856	-7.954214812	-11.01060669	16.7184035	0.882155887	169.7074183	111.1042994	1.527460406
14.1201941	-7.96901163	-11.04460286	16.77653131	0.882413866	169.4172138	110.9058626	1.52757672
14.18469738	-7.982883648	-11.08379051	16.84565859	0.882655721	168.8152801	110.745866	1.524348367
14.24418592	-7.996293265	-11.12023959	16.909617	0.882889514	168.5601249	110.6203303	1.523771665
14.30455941	-8.009702881	-11.15713115	16.97446037	0.883123308	168.0854356	110.4726315	1.521512009
14.36404795	-8.023112498	-11.19358022	17.03841878	0.883357101	167.7905706	110.3847922	1.520051515
14.4259947	-8.035134913	-11.2305648	17.104373	0.883566709	167.4086903	110.3076118	1.517653112
14.48754813	-8.049006931	-11.26827753	17.17055044	0.883808565	167.1822211	110.242325	1.516497598
14.55008484	-8.061029346	-11.30555709	17.23709462	0.884018173	166.6228792	110.0559597	1.513983246
14.61036001	-8.073976562	-11.34216828	17.30168553	0.884243904	166.3929237	109.9998779	1.512664622
14.67201177	-8.085998977	-11.37900537	17.36734476	0.884453512	166.1699294	109.8951015	1.512077674
14.73779331	-8.097096591	-11.41744495	17.43682551	0.884646996	165.6113584	109.7800041	1.508574897
14.80367318	-8.109119007	-11.45639609	17.50671285	0.884856604	165.4890535	109.7188298	1.508301299
14.85991689	-8.120679021	-11.49029796	17.5668099	0.88505815	165.1056629	109.631271	1.506008837
14.92491181	-8.131314234	-11.52811302	17.63534989	0.885243573	164.7271779	109.4748283	1.504703688
14.98449868	-8.142411848	-11.56345526	17.69863596	0.885437057	164.4628936	109.3767765	1.503636318
15.05116518	-8.153971863	-11.60256852	17.7691558	0.885638603	164.2803898	109.3161879	1.502800206
15.10898214	-8.164607076	-11.63679461	17.83051783	0.885824025	164.0565856	109.2822345	1.501219172
15.16158771	-8.17570469	-11.6686462	17.8868226	0.88601751	163.9061751	109.2823747	1.499840899
15.22520603	-8.186339904	-11.70577297	17.953986	0.886202932	163.7871028	109.2217039	1.499583845
15.28675946	-8.197437518	-11.74209849	18.01923863	0.886396416	163.4601491	109.1844684	1.497100747
15.34614967	-8.208072731	-11.7771112	18.08217392	0.886581839	163.3971751	109.123239	1.497363683
15.40809642	-8.218707944	-11.81340218	18.14766573	0.886767261	163.0746061	108.99449	1.496172936
15.46935487	-8.229343158	-11.84934901	18.21246925	0.886952684	163.0358879	109.022396	1.495434827
15.53307152	-8.239515971	-11.88629374	18.27957684	0.887130044	162.857974	108.9538723	1.494742412
15.59462495	-8.250151184	-11.92238807	18.34467535	0.887315467	162.7391775	108.8836645	1.494615177
15.6614881	-8.260786397	-11.96113725	18.41508357	0.887500889	162.5268935	108.8331452	1.493358418
15.72038668	-8.27095921	-11.99567294	18.47737308	0.887678249	162.4100149	108.8755636	1.491703092
15.78105515	-8.281132023	-12.03109359	18.5414325	0.88785561	162.1432876	108.7358035	1.49116742
15.83729887	-8.291304836	-12.06430185	18.60106714	0.888032971	162.0197824	108.7256541	1.490170684
15.91183162	-8.301940049	-12.10688583	18.67914496	0.888218393	161.8564538	108.6106493	1.490244786
15.97122183	-8.311650461	-12.14143614	18.74177198	0.888387692	161.8184378	108.5463063	1.49077793
16.02579396	-8.321823274	-12.17380862	18.79973505	0.888565052	161.6271494	108.5034415	1.489603898
16.08223433	-8.332458488	-12.20734641	18.85972049	0.888750475	161.6879305	108.5034598	1.490163823
16.13906801	-8.3426313	-12.24084965	18.91994511	0.888927835	161.51205	108.504903	1.488523058
16.20032645	-8.352804113	-12.27656528	18.98459449	0.889105196	161.5442128	108.5361939	1.48839025
16.26404311	-8.362976926	-12.31351002	19.05170208	0.889282556	161.3236522	108.5030757	1.486811789
16.33228285	-8.373612139	-12.3529475	19.1234869	0.889467979	161.3492262	108.4814014	1.487344597
16.39186972	-8.383784952	-12.38782734	19.18646471	0.889645339	161.3055436	108.4262745	1.487697925
16.45017833	-8.393957765	-12.42206805	19.24816425	0.8898227	161.2092997	108.3735412	1.487533746
16.50976519	-8.404130578	-12.45694789	19.31114205	0.89000006	161.1615136	108.4289515	1.486332859
16.56964705	-8.41337859	-12.49151282	19.37410658	0.890161297	161.0987592	108.3979944	1.486178412
16.63572357	-8.424013803	-12.52986869	19.44372818	0.89034672	161.025807	108.353025	1.486121933
16.69737534	-8.434186616	-12.56578098	19.50877087	0.89052408	160.9815403	108.2774614	1.486750226
16.76030536	-8.444359429	-12.60233239	19.57509184	0.890701441	160.9620196	108.3218055	1.48596138
16.81861396	-8.454994642	-12.6368043	19.63694551	0.890886863	160.9115524	108.2846591	1.486005069
16.87623427	-8.465629855	-12.67093206	19.69811089	0.891072286	160.9871119	108.3408646	1.485931577
16.94142584	-8.475802668	-12.70861426	19.7666934	0.891249646	160.8886292	108.3184861	1.485329375
17.00484751	-8.486437881	-12.7456427	19.83366014	0.891435068	160.9524561	108.3293127	1.485770121
17.06295946	-8.497073095	-12.78001628	19.89531716	0.891620491	160.8706728	108.3430276	1.484827186
17.11566335	-8.507708308	-12.81168583	19.95156612	0.891805913	160.8537511	108.397703	1.483922137
17.18291982	-8.518343522	-12.85063167	20.02236766	0.891991336	160.8900015	108.3787675	1.484515881
17.2404418	-8.528978735	-12.88471027	20.08343471	0.892176758	160.7469755	108.3827632	1.483141514
17.30071696	-8.539613948	-12.92016546	20.14725495	0.89236218	160.7033385	108.3178585	1.483627361
17.36010718	-8.550249162	-12.95517817	20.21019023	0.892547603	160.6922934	108.3435558	1.483173523
17.42451212	-8.561809176	-12.99316065	20.27844852	0.892749149	160.7202703	108.4238104	1.48233372
17.48724549	-8.57244439	-13.02984494	20.34472696	0.892934571	160.702326	108.418239	1.482244385
17.55106047	-8.582617203	-13.06683884	20.41193288	0.893111932	160.7059631	108.3283624	1.483507732
17.61143397	-8.594177217	-13.10280559	20.47615971	0.893313478	160.5789123	108.2153291	1.483883232
17.6754456	-8.605274831	-13.14036022	20.54387055	0.893506962	160.607479	108.2555423	1.483595902
17.73218096	-8.616372445	-13.1742767	20.6043051	0.893700447	160.6230046	108.2910805	1.483252395
17.79924077	-8.62793246	-13.21358661	20.67521825	0.893901993	160.6290252	108.2623964	1.483700995
17.85774602	-8.638567673	-13.24815685	20.73726858	0.894087415	160.5643959	108.3320243	1.482150795
17.92549413	-8.649665287	-13.28757971	20.80871589	0.894280899	160.4809304	108.3144055	1.481621302
17.98812917	-8.661225301	-13.32467724	20.87520427	0.894482445	160.5027104	108.2603655	1.48256206
18.0479127	-8.671860515	-13.35988661	20.93853287	0.894667868	160.419902	108.2940627	1.481336078
18.10464805	-8.682958129	-13.39380309	20.99896743	0.894861352	160.4995377	108.3106509	1.481844457
18.16708644	-8.694518143	-13.43080229	21.06525915	0.895062898	160.4252435	108.2851482	1.481507355
18.22903318	-8.705615757	-13.46732447	21.1309051	0.895256382	160.4175859	108.3540986	1.480493936
18.29127491	-8.717175772	-13.50422534	21.19700017	0.895457928	160.3778749	108.2702606	1.481273565
18.34712531	-8.728735786	-13.53793055	21.2567039	0.895659474	160.5378278	108.2923953	1.482447843
18.41172691	-8.740295801	-13.57601136	21.32515885	0.895861021	160.3899433	108.3659464	1.480076985
18.46974053	-8.751855816	-13.61079817	21.3870258	0.896062567	160.4229053	108.3264108	1.48092145
18.53473545	-8.763878231	-13.64930684	21.45602819	0.896272175	160.3840225	108.2527238	1.481570318
18.60022201	-8.776363046	-13.68829253	21.52567636	0.896489844	160.476609	108.324562	1.481442491
18.65853061	-8.787923061	-13.72322684	21.5878383	0.89669139	160.2761273	108.2880978	1.480089969
18.72332887	-8.799945476	-13.76163717	21.65664403	0.896900998	160.3398312	108.2781494	1.480814292
18.78016255	-8.811505491	-13.79583402	21.71733105	0.897102544	160.2942537	108.2522619	1.480747385
18.85194211	-8.823065505	-13.83750381	21.79296395	0.897304091	160.2759791	108.3789734	1.478847549
18.91192229	-8.835550321	-13.87373631	21.85710574	0.89752176	160.3249176	108.3447632	1.479766191
18.96973926	-8.848497537	-13.9091184	21.91923844	0.897747492	160.3014057	108.3467189	1.479522475
19.02745789	-8.860982353	-13.94422012	21.98111867	0.897965162	160.3429648	108.4013839	1.479159758
19.08901132	-8.873467169	-13.98123925	22.04683371	0.898182831	160.2405207	108.3367909	1.479096061
19.15253132	-8.885951984	-14.01924165	22.11451531	0.898400501	160.179488	108.3162007	1.47881376
19.20710345	-8.898899201	-14.05300133	22.17340318	0.898626233	160.1920247	108.3305006	1.47873428
19.27553985	-8.911846417	-14.09369314	22.24615533	0.898851964	160.1089684	108.2828191	1.478618397
19.33099694	-8.924331233	-14.12766409	22.30577402	0.899069634	160.2180649	108.3194306	1.479125804
19.39028882	-8.936353648	-14.16332124	22.36907337	0.899279242	160.1165251	108.346228	1.477822791
19.45941352	-8.948376063	-14.20389479	22.44220555	0.89948885	160.1045195	108.3522652	1.477629649
19.51959036	-8.959936077	-14.23976322	22.50623572	0.899690396	160.0430956	108.3832155	1.476640962
19.59274652	-8.974270495	-14.28350851	22.58417002	0.899940313	160.079342	108.3041267	1.478053948
19.66019964	-8.986755311	-14.32347748	22.65578474	0.900157983	159.9604909	108.2645916	1.477495906
19.71437846	-8.999240127	-14.35680929	22.71412517	0.900375653	160.0741951	108.35318	1.477337306
19.77681684	-9.012187343	-14.39450209	22.78087929	0.900601384	159.8745349	108.2361036	1.477090634
19.84092681	-9.024672159	-14.43279948	22.84915086	0.900819054	159.8968439	108.233747	1.477328914
19.90080866	-9.037619375	-14.46921402	22.91334845	0.901044786	159.9640242	108.2665074	1.477502397
19.97199825	-9.051028992	-14.51151362	22.98900792	0.901278579	159.8582169	108.2413593	1.476868158
20.02735701	-9.063051407	-14.54520421	23.04837415	0.901488187	159.7859981	108.1968804	1.476807812
20.08271577	-9.076923425	-14.5798196	23.10835691	0.901730043	159.7706635	108.1908668	1.47674816
20.14544914	-9.089870641	-14.61765989	23.17540602	0.901955774	159.7603998	108.2988586	1.475180827
20.2025778	-9.102817857	-14.65269783	23.23685042	0.902181506	159.7053204	108.3519198	1.473950076
20.26816269	-9.116227474	-14.69219508	23.30690518	0.902415299	159.6213802	108.2329327	1.474794928
20.32715959	-9.129637091	-14.72839834	23.37037196	0.902649093	159.6619987	108.2564292	1.474850037
20.38969631	-9.142121907	-14.76590911	23.43707027	0.902866762	159.551834	108.2404417	1.474050101
20.45164305	-9.155531524	-14.80358729	23.50348689	0.903100556	159.5490199	108.2492146	1.473904641
20.51329481	-9.16847874	-14.84088677	23.56945439	0.903326288	159.591717	108.303767	1.473556474
20.57514323	-9.181888357	-14.87851579	23.63577268	0.903560081	159.5442012	108.3394354	1.472632755
20.63541839	-9.194373173	-14.91489578	23.70020945	0.903777751	159.508457	108.2868727	1.473017487
20.69156378	-9.207320389	-14.94944208	23.76067057	0.904003482	159.5171486	108.2800589	1.473190449
20.7607868	-9.220267605	-14.9905272	23.83420934	0.904229214	159.3700994	108.1802735	1.473190021
20.82450346	-9.23229002	-15.02839674	23.90193346	0.904438822	159.3461434	108.1824911	1.472938381
20.88772847	-9.244774836	-15.06625165	23.96932008	0.904656492	159.2043878	108.1557273	1.471992208
20.94711868	-9.258184453	-15.10265157	24.03318016	0.904890285	159.2825806	108.1819555	1.472358119
21.01014703	-9.271131669	-15.14063935	24.10052426	0.905116017	159.2139774	108.1998178	1.471481012
21.07278208	-9.284078885	-15.17843048	24.16747504	0.905341748	159.1791371	108.1475564	1.471869938
21.13463049	-9.297026102	-15.2158283	24.23363919	0.90556748	159.1126705	108.1254008	1.471556815
21.18861266	-9.309973318	-15.24929299	24.2919371	0.905793212	159.0032718	108.1091766	1.470765728
21.25842565	-9.322920534	-15.29067309	24.36606583	0.906018943	158.9755579	108.1395206	1.470096751
21.32587878	-9.336792552	-15.33133566	24.43814296	0.906260799	158.8338672	108.1337584	1.468864761
21.39067704	-9.349739768	-15.3702084	24.50725696	0.90648653	158.8342427	108.1540436	1.468592736
21.44642911	-9.362686984	-15.40455805	24.56732477	0.906712262	158.7247331	108.0668534	1.468764271
21.50483604	-9.375634201	-15.44023512	24.63004744	0.906937993	158.7413267	108.1526146	1.467753021
21.5696343	-9.388581417	-15.47910786	24.69916144	0.907163725	158.6024574	108.0968598	1.467225391
21.62538637	-9.401991034	-15.5136887	24.75938338	0.907397518	158.5067441	108.1052754	1.466225802
21.68507157	-9.41493825	-15.55000491	24.82338432	0.90762325	158.4219283	108.0676204	1.465951852
21.74465844	-9.427423066	-15.58604075	24.88713279	0.90784092	158.3961436	108.0486585	1.465970478
21.8061878	-9.440832683	-15.62351024	24.95313202	0.908074713	158.2631171	108.0250504	1.465059415
21.86771716	-9.452855098	-15.66028613	25.01866886	0.908284321	158.1539057	107.9276746	1.465369344
21.92924652	-9.466727115	-15.69798682	25.08482222	0.908526177	158.1399864	107.9228708	1.465305595
21.99077588	-9.479211931	-15.7349939	25.15051319	0.908743846	157.9937068	107.9354929	1.46377899
22.05230524	-9.491696747	-15.77200099	25.21620415	0.908961516	157.9923748	107.9759429	1.463218292
22.1138346	-9.504181562	-15.80900808	25.28189512	0.909179186	157.8858563	107.8591408	1.463815261
22.17536396	-9.516203978	-15.84578397	25.34743195	0.909388794	157.7474255	107.8436882	1.462741382
22.23689332	-9.529151194	-15.88302225	25.41327705	0.909614525	157.6113015	107.8186375	1.461818709
22.29842268	-9.54163601	-15.92002934	25.47896801	0.909832195	157.6274672	107.7530151	1.462858994
22.35995204	-9.554583226	-15.95726763	25.54481311	0.910057927	157.606649	107.8272897	1.461658264
22.4214814	-9.567068042	-15.99427472	25.61050408	0.910275597	157.4313743	107.7485408	1.461099827
22.48301076	-9.579552857	-16.03128181	25.67619504	0.910493266	157.4145824	107.7836735	1.460467781
22.54454012	-9.592037673	-16.06828889	25.74188601	0.910710936	157.361629	107.7355773	1.460628261
22.60606948	-9.604984889	-16.10552718	25.80773111	0.910936668	157.279135	107.7284033	1.459959771
22.66759884	-9.617932106	-16.14276547	25.8735762	0.911162399	157.1893835	107.6771782	1.459820792
22.7291282	-9.629954521	-16.17954136	25.93911304	0.911372007	157.1582804	107.7690045	1.458288319
22.79065756	-9.643826538	-16.21724205	26.0052664	0.911613863	157.0204373	107.6926938	1.458041691
22.85218692	-9.656311354	-16.25424913	26.07095737	0.911831532	157.0313887	107.6864692	1.458227666
22.91371628	-9.66879617	-16.29125622	26.13664833	0.912049202	156.9240546	107.6306952	1.457986073
22.97524564	-9.681743386	-16.32849451	26.20249343	0.912274934	156.8517628	107.6572029	1.456955583
23.036775	-9.694690602	-16.3657328	26.26833853	0.912500665	156.7436706	107.6215002	1.456434544
23.09830436	-9.708100219	-16.40320229	26.33433776	0.912734459	156.7097946	107.6204932	1.456133399
23.15983372	-9.720585035	-16.44020938	26.40002873	0.912952129	156.6449965	107.5478788	1.456514049
23.22136308	-9.733994652	-16.47767886	26.46602796	0.913185922	156.5217999	107.6081873	1.454552891
23.28289244	-9.746017067	-16.51445475	26.53156479	0.91339553	156.468164	107.5699847	1.45457085
23.3444218	-9.758501883	-16.55146184	26.59725576	0.9136132	156.4848182	107.5961061	1.454372504
23.40595116	-9.769599497	-16.58777533	26.66248432	0.913806684	156.2936933	107.5018708	1.45386952
23.46748052	-9.781621912	-16.62455121	26.72802115	0.914016292	156.2432737	107.4854742	1.45362222
23.52900988	-9.794106727	-16.6615583	26.79371212	0.914233962	156.1566161	107.4670374	1.453065237
23.59053924	-9.806129142	-16.69833419	26.85924895	0.91444357	156.0988726	107.4276295	1.453060756
23.6520686	-9.818613958	-16.73534128	26.92493992	0.914661239	156.0261967	107.3932832	1.452848744
23.71359796	-9.831098774	-16.77234837	26.99063088	0.914878909	155.9816996	107.4186889	1.452090891
23.77512732	-9.84358359	-16.80935545	27.05632185	0.915096579	155.877021	107.414241	1.451176488
23.83665668	-9.855606005	-16.84613134	27.12185868	0.915306187	155.8435203	107.4031561	1.451014346
23.89818604	-9.86762842	-16.88290723	27.18739551	0.915515795	155.7851766	107.3832162	1.450740461
23.9597154	-9.880113236	-16.91991432	27.25308647	0.915733465	155.6591436	107.3922202	1.449445251
24.02124476	-9.892135651	-16.9566902	27.31862331	0.915943073	155.5970953	107.4021464	1.448733573
24.08277412	-9.904158066	-16.99346609	27.38416014	0.91615268	155.4540822	107.3338234	1.448323345
24.14430348	-9.91525568	-17.02977958	27.4493887	0.916346165	155.2632405	107.2296435	1.447950729
24.20583284	-9.927278095	-17.06655547	27.51492553	0.916555773	155.2466458	107.1940769	1.448276344
24.2673622	-9.93930051	-17.10333135	27.58046237	0.916765381	155.1667519	107.2689836	1.446520202
24.32889156	-9.950860525	-17.13987604	27.64584506	0.916966927	155.1329539	107.2367376	1.446639998
24.39042092	-9.962420539	-17.17642073	27.71122776	0.917168473	155.0045135	107.3055832	1.444514898
24.45195028	-9.973980554	-17.21296542	27.77661046	0.917370019	154.9075394	107.2935005	1.443773749
24.51347964	-9.986002969	-17.2497413	27.84214729	0.917579627	154.7574724	107.2850281	1.442488995
24.575009	-9.998025384	-17.28651719	27.90768412	0.917789235	154.7470228	107.1904559	1.443664191
24.63653836	-10.0095854	-17.32306188	27.97306682	0.917990781	154.62894	107.111021	1.443632397
24.69806772	-10.02114541	-17.35960656	28.03844952	0.918192327	154.5805002	107.0848354	1.443533061
24.75959708	-10.03270543	-17.39615125	28.10383222	0.918393873	154.4275262	107.0944061	1.441975654
24.82112644	-10.04472784	-17.43292714	28.16936905	0.918603481	154.3782471	107.1183817	1.441192862
24.8826558	-10.05582546	-17.46924063	28.23459762	0.918796965	154.2641299	107.0499796	1.441047728
24.94418516	-10.06692307	-17.50555411	28.29982618	0.918990449	154.1187594	106.9915658	1.440475782
25.00571452	-10.07940789	-17.5425612	28.36551715	0.919208119	154.0477541	107.0185844	1.439448625
