eps1        epsv      eps3             epsq       Void ratio    q           p          eta = q/p  
[%]         [%]       [%]              [%]        [%]           [kPa]       [kPa]      [-]

0	0	0	0	0.813569451	1.60	298.97	0.01
0.003318006	0.003745421	0.000213707	0.002069532	0.813501525	6.033681505	300.5147902	0.020077819
0.007394216	0.003745421	-0.001824398	0.006145743	0.813501525	11.1464823	302.2704821	0.036875854
0.015442238	0.010299907	-0.002571166	0.012008936	0.813382655	18.94353232	304.8587218	0.062138725
0.028878154	0.019663458	-0.004607348	0.022323668	0.81321284	32.60124766	309.4117036	0.10536527
0.0498636	0.031836075	-0.009013762	0.039251575	0.812992081	51.59563053	315.6526495	0.163456985
0.073312126	0.045881403	-0.013715362	0.058018325	0.81273736	71.36275655	322.2003875	0.221485632
0.097154745	0.065076683	-0.016039031	0.075462517	0.81238924	92.81243849	329.3801525	0.281779087
0.134987661	0.094103693	-0.020441984	0.103619763	0.811862815	125.3855566	340.3096075	0.368445539
0.180998004	0.122662525	-0.029167739	0.140110495	0.811344881	157.2185921	350.8297764	0.448133547
0.229964044	0.150285002	-0.039839521	0.179869043	0.810843928	187.6856486	360.9542789	0.519970699
0.272033458	0.176971124	-0.047531167	0.213043083	0.810359956	215.940973	370.3936183	0.583004032
0.322871439	0.202252713	-0.060309363	0.255453868	0.809901457	242.7727775	379.3472642	0.639975032
0.374596129	0.225193415	-0.074701357	0.299531657	0.809485412	267.7631131	387.637138	0.69075712
0.422182843	0.246729583	-0.08772663	0.339939649	0.809094838	291.4336455	395.5370265	0.736804966
0.469079895	0.267329397	-0.100875249	0.379970096	0.808721246	313.6264691	402.9340604	0.778356808
0.524646991	0.286524677	-0.119061157	0.429138765	0.808373127	334.7386328	409.9419053	0.816551391
0.579918517	0.305251781	-0.137333368	0.478167923	0.808033498	354.7244384	416.5933915	0.851488395
0.639130971	0.323042529	-0.158044221	0.531450128	0.80771085	373.74386	422.9328707	0.883695465
0.692924648	0.337556033	-0.177684307	0.580405971	0.807447638	391.6464862	428.9202447	0.913098626
0.747703558	0.352537716	-0.197582921	0.630190986	0.807175934	408.6254213	434.5491988	0.940343286
0.800216434	0.366114866	-0.217050784	0.678178145	0.806929703	425.0148904	440.0640261	0.965802395
0.846522346	0.377819305	-0.234351521	0.720582578	0.806717435	440.5544671	445.141609	0.989695095
0.898444083	0.389055567	-0.254694258	0.768758894	0.806513658	455.4006044	450.1511295	1.011661583
0.953025946	0.398887296	-0.277069325	0.820063514	0.806335353	469.5357705	454.8739565	1.032232696
1.000809707	0.407314492	-0.296747607	0.865038209	0.80618252	483.0304197	459.2906309	1.051687945
1.065637985	0.415741689	-0.324948148	0.927057422	0.806029686	496.0264529	463.662798	1.069799982
1.11263356	0.422764353	-0.344934604	0.971712109	0.805902326	508.6396642	467.8775687	1.087121286
1.171353399	0.428850661	-0.371251369	1.028403178	0.805791946	520.5730603	471.8356994	1.103293076
1.223373658	0.434000614	-0.394686522	1.078706787	0.805698548	532.2484237	475.6971242	1.118880894
1.275196871	0.438214213	-0.418491329	1.129125467	0.805622132	543.1808599	479.3513906	1.133157993
1.335394558	0.441959633	-0.446717462	1.18807468	0.805554206	553.977621	482.979608	1.147000022
1.389582328	0.445236876	-0.472172726	1.241170036	0.805494771	564.1919535	486.4565445	1.159799287
1.449385922	0.447109587	-0.501138168	1.300349393	0.805460808	573.9538524	489.6190938	1.172245649
1.501800274	0.448514119	-0.526643078	1.352295568	0.805435336	583.6197512	492.7795141	1.18434256
1.561209775	0.448982297	-0.556113739	1.41154901	0.805426845	592.8523159	495.9289486	1.195438011
1.616284254	0.449918652	-0.583182801	1.46631137	0.805409863	601.7777104	498.8634321	1.206297499
1.671260211	0.448514119	-0.611373046	1.521755504	0.805435336	610.4542589	501.735291	1.21668591
1.730866758	0.446641409	-0.642112674	1.581986288	0.805469299	618.9884945	504.6208482	1.226640748
1.788404318	0.444300521	-0.672051898	1.640304144	0.805511752	626.9727656	507.2717409	1.235970221
1.844168459	0.4405551	-0.701806679	1.697316759	0.805579678	634.7747722	509.8419647	1.245042221
1.902494205	0.435873325	-0.73331044	1.757203097	0.805664585	642.4942186	512.4657185	1.253731119
1.953332186	0.429787016	-0.761772585	1.810069847	0.805774965	649.7953221	514.8695487	1.262058173
2.007815526	0.42323253	-0.792291498	1.866738016	0.805893835	656.8857586	517.2432305	1.269974588
2.062495912	0.416209866	-0.823143023	1.92375929	0.806021196	663.83806	519.5101413	1.277815402
2.113629463	0.408719025	-0.852455219	1.977389788	0.806157047	670.553636	521.7994357	1.285079266
2.17629023	0.401696362	-0.887296934	2.042391443	0.806284408	677.3332569	524.0387393	1.292525163
2.239148043	0.395141875	-0.922003084	2.107434085	0.806403278	683.4588282	526.0299094	1.299277505
2.290577164	0.388119212	-0.951228976	2.161204093	0.806530639	689.9751497	528.2830666	1.306070918
2.351563036	0.381096548	-0.985233244	2.224530853	0.806658	695.7951051	530.2432117	1.312218789
2.402992156	0.374073884	-1.014459136	2.278300861	0.806785361	701.8981479	532.2578913	1.318718162
2.470184991	0.366114866	-1.052035063	2.348146703	0.806929703	707.4761346	534.1673332	1.324446649
2.528215167	0.358155847	-1.08502966	2.408829885	0.807074046	713.0375882	536.0216431	1.330240294
2.586048297	0.349260473	-1.118393912	2.469628139	0.807235369	718.2394084	537.7456261	1.335649001
2.637970033	0.341301454	-1.148334289	2.524202882	0.807379712	723.805597	539.6009403	1.341372008
2.691665187	0.331937902	-1.179863642	2.58101922	0.807549526	729.0692041	541.355722	1.346747018
2.744473632	0.322574351	-1.210949641	2.636948849	0.807719341	734.0853357	543.0270279	1.351839408
2.801912669	0.313210799	-1.244350935	2.697509069	0.807889155	739.0100271	544.6894897	1.356754704
2.860533984	0.302910893	-1.278811546	2.759563686	0.808075951	743.7880813	546.2825844	1.36154456
2.91826859	0.292142808	-1.313062891	2.820887654	0.808271238	748.3403671	547.80956	1.366059342
2.970091803	0.281842902	-1.344124451	2.876144169	0.808458034	752.9596593	549.3296561	1.370688167
3.020338645	0.271074817	-1.374631914	2.929980372	0.808653321	757.2860756	550.7713029	1.374955579
3.079551099	0.259838556	-1.409856272	2.992938247	0.808857098	761.8030042	552.3176757	1.379284129
3.143492668	0.247665939	-1.447913365	3.060937355	0.809077857	765.825932	553.6996277	1.383107183
3.196695206	0.236429677	-1.480132765	3.117885314	0.809281634	770.1062688	555.1162036	1.387288398
3.254823905	0.223320704	-1.5157516	3.180383671	0.809519375	774.2037589	556.4717486	1.391272353
3.31068657	0.211616265	-1.549535153	3.240147815	0.809731643	778.0541051	557.7760134	1.394922131
3.36576105	0.19897547	-1.58339279	3.299435893	0.809960892	781.8975198	559.0560036	1.398603207
3.417584263	0.186334676	-1.615624793	3.355472704	0.810190142	785.6634886	560.3426735	1.402112539
3.470983847	0.172757526	-1.649113161	3.413398005	0.810436373	789.5259336	561.5590622	1.405953508
3.538373729	0.159648554	-1.689362588	3.485157544	0.810674113	792.9533491	562.792705	1.408961669
3.58586192	0.146539582	-1.719661169	3.537015393	0.810911854	796.7095856	564.0651079	1.412442597
3.639261505	0.132962432	-1.753149536	3.594940694	0.811158085	800.017199	565.1475677	1.415589918
3.708227758	0.11798075	-1.795123504	3.668900842	0.811429788	803.2760638	566.2040669	1.418704158
3.757489367	0.1044036	-1.826542884	3.722688168	0.811676019	806.3879173	567.2110704	1.421671683
3.81295794	0.089421917	-1.861768011	3.783150634	0.811947722	809.8213165	568.4568288	1.424595986
3.864682629	0.074440235	-1.895121197	3.839869218	0.812219425	813.1590196	569.5685765	1.427675355
3.923599514	0.05805402	-1.932772747	3.904248174	0.812516601	816.0054679	570.5781186	1.430138032
3.986457328	0.043072337	-1.971692495	3.972099882	0.812788304	818.7517076	571.4834929	1.43267779
4.0364086	0.028090655	-2.004158973	4.027045048	0.813060007	821.8217458	572.5168779	1.43545418
4.087345104	0.013108972	-2.037118066	4.082975446	0.81333171	824.5873892	573.3685681	1.438145436
4.143897431	-0.00187271	-2.072885071	4.144521668	0.813603414	827.4214629	574.3637003	1.440588015
4.209710941	-0.018727103	-2.114219022	4.215953309	0.81390908	830.033664	575.254594	1.442897932
4.264391328	-0.034645141	-2.149518234	4.275939708	0.814197764	832.962977	576.2111177	1.445586438
4.327938804	-0.051031356	-2.18948508	4.344949256	0.81449494	835.7091719	577.136637	1.448026548
4.380944296	-0.069290281	-2.225117289	4.404041056	0.814826078	838.0915044	577.9410328	1.450133243
4.440649366	-0.084740142	-2.262694754	4.46889608	0.815106272	840.6275644	578.7970811	1.452370082
4.499763297	-0.101594534	-2.300678916	4.533628142	0.815411938	843.007421	579.5702887	1.454538712
4.554443684	-0.118448927	-2.336446306	4.59392666	0.815717604	845.4219826	580.4047675	1.456607578
4.614444324	-0.13530332	-2.374873822	4.659545431	0.81602327	847.7608631	581.2154954	1.458599899
4.664888212	-0.153094068	-2.40899114	4.715919568	0.816345918	850.2206106	582.0656922	1.460695282
4.723312481	-0.169948461	-2.446630471	4.779961968	0.816651584	852.1074474	582.6342398	1.462508362
4.780455948	-0.188207386	-2.484331667	4.843191743	0.816982722	854.4469063	583.3938174	1.464614264
4.843018192	-0.205061779	-2.524039985	4.911372118	0.817288388	856.6730491	584.10542	1.466641157
4.895432544	-0.222852527	-2.559142535	4.96971672	0.817611036	858.7381358	584.8345123	1.46834381
4.955236138	-0.240643275	-2.597939706	5.035450563	0.817933684	860.4927178	585.3980649	1.469927506
5.010015047	-0.258434023	-2.634224535	5.096159722	0.818256331	862.6008339	586.1322813	1.471682863
5.079079824	-0.276692948	-2.677886386	5.171310806	0.818587469	864.3792718	586.6944029	1.473304104
5.14538595	-0.294951874	-2.720168912	5.243703241	0.818918608	866.4417343	587.3003484	1.475295795
5.195731315	-0.312742622	-2.754236968	5.299978855	0.819241255	868.0759256	587.9875929	1.476350753
5.249919085	-0.331937902	-2.790928494	5.360565052	0.819589375	870.0419955	588.6424575	1.47804832
5.298786602	-0.350665006	-2.824725804	5.415674937	0.819929004	871.985739	589.321555	1.479643383
5.354058127	-0.369392109	-2.861725118	5.47718883	0.820268633	873.5806995	589.8529625	1.481014346
5.405487247	-0.388119212	-2.89680323	5.534860318	0.820608262	875.6132552	590.5613361	1.482679616
5.456128182	-0.407314492	-2.931721337	5.591899679	0.820956382	877.1689133	591.0687018	1.484038845
5.515340636	-0.425573418	-2.970457027	5.657198442	0.82128752	878.8881503	591.7140218	1.48532588
5.592779886	-0.444300521	-3.018540204	5.74088006	0.821627149	880.168056	592.039447	1.486671303
5.642140019	-0.463963979	-3.053051999	5.796794679	0.82198376	881.9594869	592.6156926	1.48824862
5.705983065	-0.483627438	-3.094805251	5.86719221	0.82234037	883.279576	593.1059993	1.489244042
5.763914717	-0.502354541	-3.133134629	5.931366231	0.822679999	885.0396245	593.7845912	1.490506217
5.814260082	-0.522017999	-3.16813904	5.988266082	0.82303661	886.2902194	594.0703751	1.491894322
5.876822326	-0.542149635	-3.20948598	6.057538871	0.823401711	887.8216303	594.6105524	1.493114488
5.928547016	-0.561344915	-3.244945966	6.115661988	0.823749831	889.0814429	595.000865	1.494252354
5.981355461	-0.580540196	-3.280947829	6.17486886	0.82409795	890.5176032	595.4994171	1.495413056
6.032883104	-0.602544542	-3.317713823	6.233731285	0.824497014	891.5599951	595.928505	1.496085499
6.106874042	-0.621739823	-3.364306932	6.314120649	0.824845134	892.7655848	596.3099623	1.497150209
6.158106115	-0.641871459	-3.399988787	6.372063268	0.825210235	893.9872538	596.7466463	1.498101848
6.216825954	-0.66293945	-3.439882702	6.43780577	0.825592318	895.3858637	597.2031386	1.499298657
6.273870897	-0.682602908	-3.478236903	6.5014052	0.825948929	896.4564527	597.5808996	1.500142413
6.32076795	-0.702734544	-3.511751247	6.555012798	0.82631403	897.8293311	598.0283227	1.501315735
6.38047302	-0.724270712	-3.552371866	6.621896591	0.826704603	898.9230237	598.3211379	1.502408935
6.437616487	-0.744402348	-3.591009418	6.685750603	0.827069704	899.7456103	598.6871604	1.502864384
6.494858477	-0.765002162	-3.629930319	6.749859198	0.827443296	901.0069169	599.077725	1.503990016
6.563923253	-0.786070153	-3.674996703	6.825946638	0.827825379	901.8420016	599.3962425	1.504584009
6.614761234	-0.806669966	-3.7107156	6.883651223	0.828198971	903.1359058	599.8782309	1.505532055
6.672594364	-0.826801602	-3.749697983	6.948194898	0.828564072	903.9654355	600.1657638	1.506192939
6.724910193	-0.848337771	-3.786623982	7.00768945	0.828954645	904.903812	600.387057	1.507200732
6.780477288	-0.869405761	-3.824941525	7.070279209	0.829336728	905.7424174	600.6766311	1.507870242
6.843827718	-0.890473752	-3.867150735	7.140652302	0.829718811	906.6899533	601.0330424	1.508552591
6.89653764	-0.910137211	-3.903337425	7.19991671	0.830075421	907.5176563	601.3291854	1.509186114
6.958804314	-0.931673379	-3.945238847	7.269362107	0.830465995	908.3264665	601.6187848	1.509804031
7.00855854	-0.952273193	-3.980415866	7.325982937	0.830839586	909.2402509	601.9128486	1.510584552
7.067672471	-0.973341184	-4.020506827	7.392119532	0.831221669	910.1958046	602.2218195	1.511396258
7.121072055	-0.994409175	-4.057740615	7.45254178	0.831603752	910.9488874	602.5028001	1.511941334
7.174570163	-1.016413521	-4.095491842	7.51337467	0.832002816	911.6208053	602.7583658	1.512415019
7.224619958	-1.037481512	-4.131050735	7.570447129	0.832384898	912.2170295	602.8963812	1.513057729
7.293389165	-1.05901768	-4.176203423	7.646395058	0.832775472	912.9016336	603.1344575	1.513595554
7.353586852	-1.080085671	-4.216836262	7.713615409	0.833157554	913.5796445	603.4515502	1.513923768
7.410139179	-1.10162184	-4.25588051	7.777346459	0.833548128	914.1945556	603.6163645	1.51452911
7.464819566	-1.123158009	-4.293988787	7.839205568	0.833938701	915.0112564	603.8876961	1.515201025
7.522849741	-1.145630532	-4.334240137	7.904726586	0.834346256	915.3214823	604.0326548	1.515350992
7.578613883	-1.167166701	-4.372890292	7.96766945	0.834736829	916.0771711	604.193954	1.516197183
7.633786886	-1.189171047	-4.411478966	8.030177235	0.835135894	916.4628396	604.3631582	1.516410832
7.690437737	-1.211643571	-4.451040654	8.094318927	0.835543448	917.1741976	604.5801995	1.517043063
7.75024133	-1.232243384	-4.491242357	8.160989125	0.83591704	917.5462604	604.7139315	1.517322841
7.806793658	-1.254715908	-4.530754783	8.225032294	0.836324595	918.3927985	605.0667938	1.517837052
7.863050416	-1.277656609	-4.570353512	8.288935952	0.836740641	918.5221543	605.1609274	1.517814705
7.91704114	-1.298256423	-4.607648781	8.34979328	0.837114233	919.3381608	605.4523516	1.518431894
7.974578699	-1.319792591	-4.647185645	8.414509563	0.837504806	919.5105923	605.5717028	1.51841737
8.027584191	-1.340392405	-4.683988298	8.474381659	0.837878398	920.1259407	605.7764909	1.518919857
8.087584831	-1.362864928	-4.72522488	8.541873141	0.838285953	920.4459507	605.9132779	1.5191051
8.144334205	-1.384401097	-4.764367651	8.605801238	0.838676526	921.1034415	606.0719615	1.519792203
8.21211818	-1.406873621	-4.8094959	8.681076053	0.839084081	921.2044763	606.1160068	1.519848455
8.265320718	-1.428877967	-4.847099342	8.741613373	0.839483145	921.6606735	606.2991735	1.520141728
8.320395197	-1.450414135	-4.885404666	8.803866576	0.839873718	921.7349001	606.3138767	1.520227287
8.377440141	-1.472418481	-4.924929311	8.868246301	0.840272782	922.4236781	606.5931724	1.52066281
8.44138171	-1.493486472	-4.967434091	8.939210534	0.840654865	922.3874315	606.6223122	1.520530012
8.502663152	-1.515490819	-5.009076985	9.007826758	0.841053929	922.5280191	606.6291007	1.520744748
8.556555353	-1.537495165	-5.047025259	9.069053741	0.841452993	923.1291775	606.8287488	1.521235075
8.612516541	-1.559031333	-5.085773937	9.132193652	0.841843567	923.5524709	606.9908266	1.521526241
8.66788659	-1.581503857	-5.124695223	9.195054542	0.842251122	923.6758781	607.0117204	1.521677172
8.721975837	-1.603976381	-5.162976109	9.25663463	0.842658676	924.1520565	607.1808135	1.522037647
8.789464242	-1.626917082	-5.208190662	9.331769936	0.843074722	924.259427	607.2067287	1.522149514
8.843947582	-1.649857783	-5.246902682	9.393900176	0.843490767	924.4971672	607.2559404	1.522417659
8.902076281	-1.671393952	-5.286735116	9.459207598	0.843881341	924.6867093	607.3186291	1.522572608
8.958825655	-1.692461943	-5.325643799	9.522979636	0.844263423	925.0064506	607.4663495	1.52272871
9.019121865	-1.715870822	-5.367496343	9.591078805	0.84468796	925.2447077	607.5453586	1.522922848
9.072915542	-1.736470635	-5.404693089	9.651739087	0.845061552	925.234005	607.571908	1.522838684
9.128679684	-1.758006804	-5.443343244	9.714681952	0.845452125	925.3068435	607.5863125	1.522922463
9.188187708	-1.78001115	-5.484099429	9.781524758	0.845851189	925.4490903	607.6733921	1.522938312
9.238828642	-1.801547318	-5.52018798	9.839344415	0.846241763	925.7072832	607.8520214	1.52291553
9.294198691	-1.823551665	-5.558875178	9.902049246	0.846640827	925.9568292	607.8433764	1.523347733
9.354691948	-1.846024188	-5.600358068	9.970033344	0.847048381	926.0583543	607.8983621	1.523376953
9.412525077	-1.867560357	-5.640042717	10.0350452	0.847438955	925.9018279	607.8365576	1.523274335
9.467501033	-1.88816017	-5.677830602	10.09688776	0.847812547	926.1419798	607.9163623	1.523469407
9.527501673	-1.909696339	-5.718599006	10.16406712	0.84820312	926.0513428	607.8859039	1.523396639
9.585039233	-1.932168863	-5.758604048	10.22909552	0.848610675	926.0662779	607.8609293	1.523483799
9.65075422	-1.953705031	-5.802229625	10.30198923	0.849001248	926.0272924	607.9393511	1.523223148
9.705139037	-1.976177555	-5.840658296	10.36386489	0.849408803	926.251637	607.9720087	1.523510332
9.760706132	-1.997713723	-5.879209928	10.42661071	0.849799377	926.3591433	608.1300341	1.523291223
9.817061413	-2.01971807	-5.918389741	10.49030077	0.850198441	926.1624353	608.0754878	1.523104374
9.874796019	-2.041722416	-5.958259217	10.55537016	0.850597505	926.1743732	608.0387371	1.523216066
9.934304043	-2.063258584	-5.998781314	10.6220569	0.850988078	926.1266346	608.0221682	1.52317906
9.997654473	-2.08526293	-6.041458702	10.69274212	0.851387142	926.3018026	608.1525525	1.523140532
10.04892596	-2.106799099	-6.077862528	10.75119232	0.851777716	926.002337	607.9513567	1.52315202
10.10668027	-2.128335268	-6.117507767	10.81612536	0.852168289	926.1034205	608.0350002	1.523108736
10.16630652	-2.149871436	-6.158088978	10.88293033	0.852558862	926.1172672	608.1211577	1.522915714
10.22788353	-2.17234396	-6.200113745	10.95199818	0.852966417	925.9902543	608.0792301	1.522811845
10.27852447	-2.193411951	-6.235968208	11.00966178	0.8533485	925.7879994	607.9820228	1.522722654
10.3344561	-2.215416297	-6.274936197	11.0729282	0.853747564	925.8550743	607.9832371	1.522829936
10.38997393	-2.237420643	-6.313697287	11.13578081	0.854146628	925.7257634	608.0114725	1.52254654
10.44748193	-2.259424989	-6.353453461	11.2006236	0.854545692	925.7967083	607.9544808	1.522805963
10.50841854	-2.28049298	-6.394455762	11.26858287	0.854927775	925.3303675	607.8190298	1.52237808
10.57176897	-2.302965504	-6.437367239	11.33942414	0.85533533	925.3126386	607.8645452	1.522234922
10.62563162	-2.32496985	-6.475300734	11.40062157	0.855734394	925.0426243	607.7234434	1.522144051
10.68499186	-2.346506019	-6.515748937	11.46716053	0.856124967	925.0285584	607.7798088	1.521979745
10.74121906	-2.368042187	-6.554630622	11.53056645	0.85651554	924.7370644	607.6828081	1.521743008
10.79441174	-2.390514711	-6.592463227	11.59124998	0.856923095	924.7325859	607.6610733	1.521790068
10.84898375	-2.411582702	-6.630283228	11.65284465	0.857305178	924.4833212	607.6378911	1.521437907
10.90134884	-2.43311887	-6.667233858	11.71238847	0.857695751	924.692347	607.7386673	1.52152956
10.96598008	-2.455123217	-6.710551646	11.78435448	0.858094815	924.4607341	607.59078	1.521518701
11.03422711	-2.476191208	-6.755209159	11.85962418	0.858476898	923.9136344	607.3673555	1.52117763
11.0865922	-2.499131909	-6.792862055	11.91963617	0.858892944	924.0849344	607.4857555	1.521163132
11.14455341	-2.5201999	-6.832376655	11.98462004	0.859275026	923.5778291	607.2759084	1.520853728
11.20020918	-2.541736068	-6.870972622	12.04745453	0.8596656	923.3970502	607.2770307	1.520553229
11.26881089	-2.562335882	-6.915573388	12.12292285	0.860039191	923.0674663	607.1268494	1.520386501
11.33216132	-2.58387205	-6.958016687	12.19345201	0.860429765	923.0239157	607.1223716	1.520325982
11.39098954	-2.605408219	-6.998198878	12.25945894	0.860820338	922.7641434	607.0858938	1.519989433
11.44338418	-2.62647621	-7.034930197	12.31887625	0.861202421	922.4876603	606.9842678	1.519788418
11.50025179	-2.646607846	-7.073429816	12.3824544	0.861567522	922.0416709	606.8557646	1.519375319
11.55110947	-2.666271304	-7.108690388	12.43986657	0.861924133	922.2071852	606.9417911	1.519432668
11.61095248	-2.685934762	-7.148443619	12.50626406	0.862280743	921.7769854	606.7875321	1.519109963
11.66327816	-2.706066398	-7.184672278	12.56530029	0.862645844	921.5729863	606.7904614	1.518766436
11.72304234	-2.726198034	-7.224620188	12.63177502	0.863010945	921.1821086	606.6710279	1.518421132
11.77510201	-2.746797847	-7.260949929	12.69070129	0.863384537	921.2146406	606.6710949	1.518474588
11.8312898	-2.767865838	-7.29957782	12.75391175	0.86376662	920.4392128	606.4233139	1.517816337
11.89315253	-2.789402007	-7.341277269	12.8229532	0.864157193	920.468145	606.442259	1.517816629
11.95229602	-2.809065465	-7.380680742	12.88865117	0.864513804	919.9126764	606.2777548	1.51731227
12.01886816	-2.829665279	-7.424266718	12.96208992	0.864887396	919.6824058	606.1917789	1.517147605
12.07834663	-2.850265092	-7.464305859	13.02843499	0.865260988	919.2226394	605.9877545	1.516899694
12.12894815	-2.871801261	-7.500374705	13.08621524	0.865651561	919.0631624	605.9247205	1.5167943
12.18615073	-2.891932896	-7.539041814	13.15012836	0.866016662	918.8465781	605.8830527	1.516541144
12.24250601	-2.912064532	-7.577285272	13.21319419	0.866381763	918.2930195	605.7188572	1.516038354
12.29324547	-2.932664346	-7.612954908	13.27080025	0.866755355	918.376059	605.77649	1.5160312
12.35354168	-2.952327804	-7.652934742	13.33765095	0.867111966	917.806343	605.6279707	1.515462276
12.41196595	-2.973395795	-7.692680872	13.40309788	0.867494049	917.480335	605.4784893	1.515297985
12.47029169	-2.993059253	-7.731675474	13.46797811	0.867850659	916.9523496	605.3534272	1.514738842
12.52743516	-3.013659067	-7.770547114	13.53198818	0.868224251	916.9009168	605.3165329	1.514746198
12.58901217	-3.033322525	-7.811167349	13.60011968	0.868580861	916.3810946	605.1532979	1.514295795
12.64103243	-3.052985983	-7.847009208	13.65869443	0.868937472	915.8969078	605.0020233	1.513874124
12.70034341	-3.073117619	-7.886730514	13.72471595	0.869302573	915.7605986	604.9568329	1.51376189
12.75531937	-3.093249255	-7.92428431	13.78640245	0.869667674	915.0480176	604.7091849	1.513203438
12.81384216	-3.112912713	-7.963377435	13.85147973	0.870024285	914.6448991	604.645495	1.512696128
12.872562	-3.132576171	-8.002569084	13.91675405	0.870380895	914.410343	604.5673917	1.512503578
12.92428669	-3.153644162	-8.038965424	13.97550141	0.870762978	913.8089828	604.3877543	1.511958137
12.98241538	-3.172839443	-8.077627414	14.04002853	0.871111098	913.4985101	604.2542284	1.511778432
13.03561792	-3.192971079	-8.114294501	14.09994162	0.871476199	912.953789	604.1130567	1.511230024
13.10714578	-3.21216636	-8.15965607	14.1778679	0.871824319	912.3527398	603.8927109	1.510786143
13.16507743	-3.231829818	-8.198453625	14.24235404	0.872180929	912.1454153	603.8332318	1.510591613
13.21808292	-3.251025098	-8.234554011	14.30175796	0.872529049	911.4191541	603.6721127	1.509791715
13.27828061	-3.271156734	-8.274718673	14.36866619	0.87289415	911.2042743	603.6004041	1.509615083
13.33355214	-3.290352015	-8.311952076	14.43033614	0.87324227	910.6878098	603.4379603	1.509165597
13.39010446	-3.310951828	-8.350528146	14.49375507	0.873615862	910.3150899	603.3551883	1.508754889
13.44379962	-3.330147109	-8.386973364	14.55384865	0.873963981	909.6876916	603.0652515	1.508439906
13.50320912	-3.350278745	-8.426743932	14.6199687	0.874329083	909.3732518	603.0008403	1.508079577
13.56478613	-3.369474026	-8.467130078	14.68794414	0.874677202	908.6417458	602.8276879	1.50729929
13.61197875	-3.390073839	-8.501026296	14.74200337	0.875050794	908.5143345	602.7857915	1.507192683
13.66961484	-3.411610008	-8.540612422	14.80681817	0.875441368	908.0148171	602.5889227	1.506856138
13.72813763	-3.428932578	-8.578535103	14.87111515	0.875755524	907.7326887	602.5152039	1.506572254
13.78547814	-3.449064214	-8.617271177	14.93516621	0.876120626	906.8895774	602.2241278	1.505900437
13.84380389	-3.467791317	-8.655797602	14.99973433	0.876460255	906.3226924	602.0456971	1.505405149
13.90744989	-3.48651842	-8.696984153	15.06962269	0.876799884	905.7208059	601.8551073	1.504881814
13.96173618	-3.505713701	-8.73372494	15.13030741	0.877148003	905.3814216	601.7612372	1.504552579
14.01917522	-3.524440804	-8.77180801	15.19398882	0.877487632	904.718385	601.611974	1.503823767
14.079767	-3.543167907	-8.811467451	15.26082296	0.877827261	904.190231	601.2934087	1.50374213
14.13740308	-3.56189501	-8.849649044	15.32470141	0.87816689	903.9237332	601.2556731	1.503393271
14.19681258	-3.581090291	-8.888951435	15.39050934	0.87851501	903.0889837	600.9883642	1.502672992
14.24765056	-3.598881039	-8.923265799	15.44727757	0.878837658	903.0900041	600.9890324	1.50267302
14.3093261	-3.617608142	-8.963467118	15.51519548	0.879177287	902.2564521	600.6908577	1.50203127
14.3644991	-3.636335245	-9.000417171	15.57661085	0.879516916	901.7216503	600.5025514	1.501611689
14.42114995	-3.654125993	-9.037637971	15.63919195	0.879839563	901.0122421	600.276367	1.500995694
14.48272696	-3.672853096	-9.077790028	15.70701133	0.880179192	900.931736	600.2789927	1.500855014
14.54923013	-3.691112021	-9.120171077	15.77960081	0.880510331	900.1142979	600.0581023	1.500045236
14.60036368	-3.709370947	-9.154867315	15.83682067	0.880841469	899.7506333	599.8966428	1.499842755
14.6547485	-3.727161695	-9.190955097	15.89713573	0.881164117	899.1691436	599.6824889	1.499408704
14.71011855	-3.74542062	-9.227769585	15.95859209	0.881495255	898.8228295	599.5465628	1.499171016
14.76962657	-3.763211368	-9.266418971	16.02403036	0.881817902	897.8962354	599.2782641	1.498296016
14.82391287	-3.781002116	-9.302457491	16.08424691	0.88214055	897.523511	599.1639797	1.497959726
14.88016962	-3.798792864	-9.339481244	16.14643391	0.882463198	897.1504443	599.1414901	1.497393285
14.93081056	-3.817519967	-9.374165263	16.20331721	0.882802827	896.8281275	599.0142192	1.497173354
14.99268314	-3.833906182	-9.413294661	16.27065187	0.883100002	895.7030081	598.5276024	1.496510778
15.05327492	-3.852633286	-9.452954103	16.33748601	0.883439631	895.7309513	598.5976428	1.496382357
15.10401438	-3.870424034	-9.487219205	16.39415572	0.883762279	894.7737715	598.3387348	1.495430129
15.16539434	-3.887278426	-9.526336385	16.46115382	0.884067945	894.4569781	598.264402	1.495086412
15.22785806	-3.905537352	-9.566697708	16.52970385	0.884399083	893.7032505	597.9523515	1.494606131
15.2852971	-3.921923567	-9.603610333	16.59260496	0.884696258	893.2043748	597.8267076	1.494085767
15.35209584	-3.940182493	-9.646139167	16.66549001	0.885027397	892.5493321	597.578079	1.493611234
15.39928846	-3.957505063	-9.678396763	16.71845682	0.885341554	891.9442564	597.4169531	1.493001248
15.44855007	-3.974827633	-9.711688853	16.77349262	0.88565571	891.6261381	597.3309917	1.492683538
15.51948679	-3.991682026	-9.755584408	16.85004747	0.885961377	890.6103743	597.0227668	1.491752784
15.57308342	-4.009004596	-9.791044009	16.90941829	0.886275533	890.26678	596.8368143	1.491641867
15.62539925	-4.025858989	-9.82562912	16.96735225	0.886581199	889.4478399	596.6054663	1.490847621
15.67771508	-4.04318156	-9.86044832	17.02544227	0.886895356	889.1174371	596.494348	1.490571436
15.73958766	-4.059567775	-9.899577718	17.09277692	0.887192532	888.5299957	596.3804862	1.489871007
15.79791341	-4.076890345	-9.937401876	17.15687686	0.887506689	887.8490396	596.1233019	1.489371472
15.85446573	-4.093744738	-9.974105236	17.21904731	0.887812355	887.0681729	595.863423	1.488710565
15.9116092	-4.110130953	-10.01087008	17.28165285	0.88810953	886.6123274	595.7111465	1.488325899
15.97062461	-4.127453524	-10.04903907	17.34644245	0.888423687	885.9243558	595.4918616	1.487718662
16.03023116	-4.143839739	-10.08703545	17.41151107	0.888720862	885.2790245	595.3170712	1.487071457
16.09683285	-4.159757776	-10.12829531	17.48341878	0.889009547	884.2582487	594.9971366	1.486155469
16.14905016	-4.174271281	-10.16166072	17.54047392	0.889272759	883.93101	594.847737	1.485978604
16.2145681	-4.190657497	-10.2026128	17.61145393	0.889569935	882.8369396	594.4725159	1.485076124
16.26609574	-4.207043712	-10.23656973	17.66844365	0.88986711	882.1959208	594.2899439	1.484453725
16.32865799	-4.223429927	-10.27604396	17.73646796	0.890164286	881.5403664	594.0516758	1.483945593
16.38698373	-4.24028432	-10.31363403	17.80041184	0.890469952	880.8848959	593.8426506	1.483364145
16.43998922	-4.256202357	-10.34809579	17.85872334	0.890758636	880.3542836	593.7971069	1.482584326
16.49348733	-4.273524928	-10.38350613	17.91799564	0.891072793	879.6850163	593.4630968	1.482291015
16.55033523	-4.289911143	-10.42012319	17.98030561	0.891369969	879.0695066	593.2781689	1.481715581
16.60393186	-4.305361003	-10.45464643	18.03905219	0.891650163	878.1118141	592.959512	1.48089675
16.66058271	-4.322215396	-10.49139905	18.10132118	0.891955829	877.7171406	592.8176692	1.480585324
16.71959812	-4.337197078	-10.5283976	18.16533048	0.892227532	876.7879082	592.5384521	1.479714785
16.78393378	-4.353583294	-10.56875854	18.23512821	0.892524707	876.2151098	592.3476013	1.479224543
16.84294919	-4.368096798	-10.60552299	18.29898145	0.89278792	875.5122696	592.1036922	1.478646867
16.89427979	-4.384014836	-10.63914731	18.35561806	0.893076604	874.9391262	591.8816254	1.478233296
16.95073359	-4.398996519	-10.67486505	18.41706576	0.893348308	874.2193071	591.6922087	1.477489976
17.00511841	-4.414446379	-10.70978239	18.47660053	0.893628502	873.6784368	591.5218756	1.477001059
17.06689246	-4.429428061	-10.74816026	18.54336848	0.893900205	872.7823461	591.2136317	1.47625545
17.12462707	-4.445346099	-10.78498658	18.6064091	0.89418889	872.3630344	591.0434161	1.475971156
17.17743552	-4.459859604	-10.81864756	18.66405538	0.894452102	871.385136	590.727325	1.475105517
17.24236232	-4.474373109	-10.85836771	18.73382002	0.894715315	870.9217802	590.6637161	1.474479905
17.29566338	-4.489822969	-10.89274317	18.79227103	0.894995508	870.2121355	590.3967228	1.473944725
17.35073786	-4.505272829	-10.92800534	18.85249547	0.895275702	869.4840697	590.1041672	1.47344167
17.41192078	-4.519318156	-10.96561947	18.91836016	0.895530424	868.663685	589.8311977	1.472732688
17.47290665	-4.533831661	-11.00336915	18.98418387	0.895793637	868.0015884	589.5896008	1.472213192
17.52748851	-4.548345166	-11.03791684	19.04360357	0.896056849	867.2073004	589.3762631	1.471398417
17.580494	-4.562858671	-11.07167634	19.10144689	0.896320062	866.5495921	589.126254	1.470906425
17.63970646	-4.577372176	-11.10853932	19.16549718	0.896583274	866.145597	589.02228	1.470480195
17.69586469	-4.592353858	-11.14410928	19.22664931	0.896854977	865.2319348	588.7375579	1.46963944
17.75369782	-4.606399185	-11.1800485	19.28916422	0.897109699	864.5675428	588.4655709	1.469189678
17.80571808	-4.619976335	-11.21284721	19.34571019	0.89735593	863.8688258	588.2938833	1.468430746
17.8681818	-4.634021663	-11.25110173	19.41285569	0.897610652	863.1957527	588.0690336	1.467847656
17.92305924	-4.648535167	-11.2857972	19.47257096	0.897873864	862.3803016	587.7875875	1.467163172
17.9873949	-4.66164414	-11.32451952	19.54127628	0.898111605	861.5765738	587.4897253	1.466538965
18.04168119	-4.674753112	-11.35821715	19.59993223	0.898349345	860.8786355	587.1761112	1.466133617
18.09695272	-4.688798439	-11.39287558	19.65988553	0.898604067	860.4003831	587.0871307	1.465541209
18.15793859	-4.703311944	-11.43062527	19.72570924	0.898867279	859.3241227	586.7890212	1.464451603
18.21123965	-4.716889094	-11.46406437	19.78353601	0.89911351	858.7519336	586.5983735	1.463952122
18.27133881	-4.731402599	-11.50137071	19.84847301	0.899376723	857.6268687	586.2439219	1.462918142
18.32651182	-4.744043393	-11.5352776	19.90785961	0.899605972	856.9444751	586.0170314	1.462320085
18.39153714	-4.757152365	-11.57434475	19.9772546	0.899843713	856.1353489	585.7261786	1.461664819
18.44700571	-4.770729515	-11.60886761	20.03724888	0.900089944	855.4425706	585.5368025	1.460954404
18.50286838	-4.783838487	-11.64335343	20.09748121	0.900327684	854.7890133	585.2578961	1.460533927
18.55735172	-4.796947459	-11.67714959	20.1563342	0.900565424	853.9927338	585.0026726	1.45980997
18.61488928	-4.810056432	-11.71247285	20.21824142	0.900803165	853.4398359	584.8385333	1.459274291
18.67577663	-4.823165404	-11.74947102	20.28349843	0.901040905	852.4395216	584.5153802	1.458369703
18.72691018	-4.836274376	-11.78159228	20.33900164	0.901278645	851.9931556	584.4061735	1.457878431
18.78710786	-4.848915171	-11.81801152	20.40341292	0.901507895	850.9655004	584.0748088	1.456946075
18.84100006	-4.862024143	-11.8515121	20.46167478	0.901745635	850.4511494	583.9022925	1.456495651
18.89597602	-4.87419676	-11.88508639	20.52070827	0.901966394	849.6198936	583.6154962	1.455787071
18.95036084	-4.887305732	-11.91883328	20.57946275	0.902204134	848.8072066	583.3348895	1.455094187
19.01105114	-4.899478349	-11.95526474	20.64421059	0.902424893	848.0536602	583.0942384	1.454402401
19.07262815	-4.912119144	-11.99237365	20.7100012	0.902654143	846.9945077	582.7415156	1.45346519
19.12711149	-4.924291761	-12.02570163	20.76854208	0.902874902	846.0335682	582.3198284	1.452867526
19.19085601	-4.936464378	-12.0636602	20.83634414	0.903095661	845.3076234	582.1285338	1.452097903
19.24198956	-4.948636995	-12.09531328	20.89153523	0.903316419	844.557944	581.9091677	1.451357
19.30888683	-4.960809612	-12.13484822	20.96249003	0.903537178	843.7993761	581.7071627	1.450556964
19.36297608	-4.972982229	-12.16797915	21.02063682	0.903757937	842.8638844	581.3546841	1.449827287
19.42258262	-4.984686668	-12.20363465	21.08414485	0.903970205	841.93334	581.0345457	1.449024583
19.4695782	-4.996391108	-12.23298465	21.1350419	0.904182473	841.3484955	580.8497185	1.448478787
19.53095817	-5.008095547	-12.26952686	21.20032335	0.904394742	840.4196348	580.5500553	1.447626483
19.58869277	-5.020268164	-12.30448047	21.26211549	0.9046155	839.5643375	580.3043742	1.446765482
19.64071303	-5.031036248	-12.33587464	21.31772511	0.904810787	838.7803222	580.0744647	1.445987323
19.6965757	-5.043677043	-12.37012637	21.37780138	0.905040037	838.2511004	579.8783895	1.445563614
19.75352212	-5.054913305	-12.40421771	21.43849322	0.905243814	837.0839234	579.4580655	1.444597933
19.80810398	-5.066617744	-12.43736086	21.49697656	0.905456082	836.6917177	579.3996532	1.444066652
19.86199618	-5.077385828	-12.469691	21.55445812	0.905651369	835.464874	578.8993703	1.443195341
19.92288353	-5.08862209	-12.50575281	21.61909089	0.905855146	834.8950731	578.7703267	1.442532615
19.98268712	-5.099858352	-12.54127274	21.68263991	0.906058924	833.7971117	578.3741406	1.441622391
20.04505232	-5.110626436	-12.57783938	21.74859447	0.906254211	832.9849195	578.0323988	1.441069603
20.10869832	-5.121862698	-12.61528051	21.81598589	0.906457988	831.9252298	577.7096139	1.44004048
20.1680093	-5.132162605	-12.65008595	21.87873017	0.906644784	831.1301082	577.4847294	1.439224391
20.2253817	-5.143398867	-12.68439028	21.93984799	0.906848561	830.1753041	577.2279254	1.438210571
20.2827541	-5.154166951	-12.71846052	22.00080975	0.907043848	829.6659291	577.0072007	1.437877947
20.3401265	-5.164466858	-12.75229668	22.06161545	0.907230644	828.297694	576.5917703	1.436540958
20.3974989	-5.173830409	-12.78566465	22.12210904	0.907400458	827.7231958	576.4103919	1.43599631
20.4548713	-5.185066671	-12.81996899	22.18322686	0.907604236	826.8660697	576.1654952	1.435119035
20.5122437	-5.195366578	-12.85380514	22.24403256	0.907791032	825.7490814	575.7623108	1.434183978
20.5696161	-5.205198307	-12.8874072	22.3046822	0.907969337	824.7703302	575.4767904	1.433194777
20.6269885	-5.215498214	-12.92124336	22.36548791	0.908156133	824.0175737	575.2248876	1.432513772
20.6843609	-5.225329943	-12.95484542	22.42613755	0.908334438	822.9826766	574.9510149	1.431396163
20.7417333	-5.235161672	-12.98844749	22.48678719	0.908512743	821.9866073	574.6083788	1.430516222
20.7991057	-5.244993401	-13.02204955	22.54743684	0.908691049	821.5433417	574.4820136	1.430059292
20.8564781	-5.253888775	-13.05518344	22.60777436	0.908852373	820.3271401	574.015887	1.429101805
20.9138505	-5.264188682	-13.08901959	22.66858006	0.909039168	819.462177	573.738179	1.428285945
20.9712229	-5.273084056	-13.12215348	22.72891759	0.909200492	818.3996557	573.4140402	1.42724035
21.02859531	-5.282447607	-13.15552146	22.78941117	0.909370307	817.3342585	573.0796418	1.426214088
21.08596771	-5.291811159	-13.18888943	22.84990476	0.909540121	816.3644409	572.7562873	1.425326023
21.14334011	-5.301174711	-13.22225741	22.91039834	0.909709936	815.3383966	572.4035775	1.424411776
21.20071251	-5.309601907	-13.25515721	22.97057981	0.909862769	814.3960247	572.1308396	1.423443675
21.25808491	-5.318497281	-13.28829109	23.03091733	0.910024093	813.8289221	571.8506344	1.423149461
21.31545731	-5.326924477	-13.32119089	23.0910988	0.910176926	812.4904612	571.4249687	1.421867272
21.37282971	-5.336288029	-13.35455887	23.15159238	0.91034674	811.69367	571.1792037	1.421084074
21.43020211	-5.344715225	-13.38745867	23.21177385	0.910499573	810.3760605	570.7805665	1.419768135
21.48757451	-5.352674244	-13.42012438	23.27179926	0.910643916	809.3837535	570.4598365	1.418826886
21.54494691	-5.36110144	-13.45302417	23.33198072	0.910796749	808.3696607	570.1323366	1.417863203
21.60231931	-5.369060459	-13.48568988	23.39200613	0.910941091	806.8892327	569.6280836	1.416519403
21.65969171	-5.377487656	-13.51858968	23.4521876	0.911093924	805.8580793	569.3361188	1.415434666
21.71706411	-5.384978497	-13.5510213	23.51205694	0.911229776	804.6844412	568.8731571	1.414523486
21.77443651	-5.392469338	-13.58345292	23.57192629	0.911365627	803.8497601	568.575754	1.413795355
21.83180891	-5.400428357	-13.61611863	23.6319517	0.91150997	802.6553971	568.106786	1.412860076
21.88918131	-5.407919198	-13.64855026	23.69182105	0.911645821	801.5405671	567.815816	1.411620713
21.94655371	-5.415410039	-13.68098188	23.75169039	0.911781673	800.426584	567.4349413	1.410605033
22.00392611	-5.422900881	-13.7134135	23.81155974	0.911917524	799.2572926	567.0956185	1.409387176
22.06129851	-5.430391722	-13.74584512	23.87142909	0.912053376	798.7622547	566.8702079	1.409074324
22.11867091	-5.436946208	-13.77780856	23.93098632	0.912172246	798.1246497	566.6673839	1.408453481
22.17604331	-5.444437049	-13.81024018	23.99085566	0.912308098	796.9385192	566.3026161	1.40726618
22.23341572	-5.451459713	-13.84243771	24.05056895	0.912435459	796.186027	566.0215043	1.406635651
22.29078812	-5.458014199	-13.87440116	24.11012618	0.912554329	795.0644661	565.6982557	1.40545681
22.34816052	-5.465036863	-13.90659869	24.16983947	0.91268169	794.5549687	565.4774902	1.405104504
22.40553292	-5.471591349	-13.93856213	24.2293967	0.91280056	793.881351	565.314005	1.40431927
22.46290532	-5.47908219	-13.97099375	24.28926605	0.912936411	793.293822	565.179216	1.40361464
22.52027772	-5.485636676	-14.0029572	24.34882328	0.913055282	792.4717469	564.864871	1.402940398
22.57765012	-5.492191162	-14.03492064	24.40838051	0.913174152	791.6129122	564.6288697	1.402005733
22.63502252	-5.499213826	-14.06711817	24.46809379	0.913301513	791.2333948	564.5129769	1.401621269
22.69239492	-5.505300134	-14.09884753	24.52749496	0.913411892	790.8605615	564.2960522	1.40149937
22.74976732	-5.512322798	-14.13104506	24.58720825	0.913539253	789.9802331	564.0851354	1.400462773
22.80713972	-5.518877284	-14.1630085	24.64676548	0.913658123	789.2704592	563.7769591	1.399969343
22.86451212	-5.524963593	-14.19473786	24.70616665	0.913768503	788.3424554	563.5190495	1.398963276
22.92188452	-5.531986256	-14.22693539	24.76587994	0.913895863	787.5743223	563.1821191	1.398436306
22.97925692	-5.538540742	-14.25889883	24.82543717	0.914014734	786.9392225	563.0007002	1.39775887
23.03662932	-5.544627051	-14.29062819	24.88483834	0.914125113	786.2338927	562.7759572	1.397063756
23.09400172	-5.550713359	-14.32235754	24.94423951	0.914235492	785.2338043	562.4732854	1.396037509
23.15137412	-5.557267845	-14.35432098	25.00379674	0.914354363	784.6913898	562.2305246	1.395675538
23.20874652	-5.563822332	-14.38628443	25.06335397	0.914473233	784.3513556	562.1776599	1.395201929
23.26611892	-5.569440462	-14.41777969	25.12259908	0.914575122	783.4294022	561.9419271	1.394146556
23.32349132	-5.575058593	-14.44927496	25.18184419	0.91467701	782.8203641	561.7474774	1.393544957
23.38086373	-5.581144902	-14.48100431	25.24124536	0.91478739	782.2078947	561.6054409	1.392806831
23.43823613	-5.58723121	-14.51273367	25.30064653	0.914897769	781.5771228	561.3546996	1.392305299
23.49560853	-5.593785696	-14.54469711	25.36020376	0.915016639	781.2912431	561.2398204	1.392080916
23.55298093	-5.599403827	-14.57619238	25.41944887	0.915118528	780.4440087	560.9570809	1.39127223
23.61035333	-5.605490136	-14.60792173	25.47885004	0.915228907	780.3806856	560.9262622	1.391235779
23.66772573	-5.611576444	-14.63965109	25.53825121	0.915339287	779.6947833	560.6975461	1.390579982
23.72509813	-5.617662753	-14.67138044	25.59765238	0.915449666	779.2465721	560.5478964	1.390151631
23.78247053	-5.623749061	-14.70310979	25.65705355	0.915560046	778.5790572	560.3358404	1.389486449
23.83984293	-5.62983537	-14.73483915	25.71645472	0.915670425	778.0758514	560.1479451	1.389054192
23.89721533	-5.635453501	-14.76633442	25.77569983	0.915772314	777.3754582	559.9037037	1.388409209
23.95458773	-5.641539809	-14.79806377	25.835101	0.915882693	776.963206	559.7968953	1.387937683
24.01196013	-5.647626118	-14.82979312	25.89450217	0.915993073	776.1321261	559.5100757	1.387163806
24.06933253	-5.652776071	-14.8610543	25.95359122	0.916086471	775.6901584	559.3421011	1.386790225
24.12670493	-5.65886238	-14.89278366	26.01299239	0.91619685	775.0412384	559.1164935	1.386189189
24.18407733	-5.664480511	-14.92427892	26.0722375	0.916298739	774.686308	559.0281363	1.385773376
24.24144973	-5.671034997	-14.95624236	26.13179473	0.916417609	774.0702007	558.8335442	1.38515343
24.29882213	-5.676653128	-14.98773763	26.19103984	0.916519498	773.9865903	558.7753111	1.385148153
24.35619453	-5.682271259	-15.0192329	26.25028495	0.916621386	773.1596852	558.5492971	1.384228195
24.41356693	-5.68788939	-15.05072816	26.30953006	0.916723275	772.9664797	558.4650632	1.384091021
24.47093933	-5.693975698	-15.08245752	26.36893123	0.916833655	772.642654	558.3165553	1.383879175
24.52831173	-5.700062007	-15.11418687	26.4283324	0.916944034	771.9390335	558.1726122	1.382975475
24.58568414	-5.706616493	-15.14615031	26.48788963	0.917062904	771.7736928	558.1388886	1.382762801
24.64305654	-5.711766446	-15.17741149	26.54697868	0.917156302	770.9325597	557.8072499	1.382076981
24.70042894	-5.717852755	-15.20914085	26.60637985	0.917266682	770.7337653	557.7414771	1.381883537
24.75780134	-5.723470885	-15.24063611	26.66562497	0.91736857	769.9975643	557.4963228	1.38117066
24.81517374	-5.729557194	-15.27236547	26.72502614	0.91747895	769.7799482	557.3933391	1.381035427
24.87254614	-5.735175325	-15.30386073	26.78427125	0.917580838	769.2415538	557.2133003	1.380515421
24.92991854	-5.740793456	-15.335356	26.84351636	0.917682727	768.9904705	557.1202228	1.380295381
24.98729094	-5.746879764	-15.36708535	26.90291753	0.917793106	768.2688069	556.8891333	1.379572272
25.04466334	-5.752497895	-15.39858062	26.96216264	0.917894995	767.8914794	556.8348605	1.379029105
25.10203574	-5.759052381	-15.43054406	27.02171987	0.918013865	767.3636709	556.6386823	1.378566915
25.15940814	-5.764202335	-15.46180524	27.08080892	0.918107263	766.8101405	556.4442972	1.378053732
25.21678054	-5.769820466	-15.4933005	27.14005403	0.918209152	766.3426045	556.2685378	1.377648658
25.27415294	-5.774970419	-15.52456168	27.19914308	0.91830255	765.9855039	556.1695003	1.377251905
25.33152534	-5.781056727	-15.55629103	27.25854425	0.918412929	765.3533632	555.9078537	1.376762998
25.38889774	-5.787143036	-15.58802039	27.31794542	0.918523309	765.1852475	555.9029122	1.376472817
25.44627014	-5.792292989	-15.61928157	27.37703447	0.918616707	764.5952953	555.7265854	1.375847972
25.50364254	-5.797442943	-15.65054274	27.43612352	0.918710105	763.9340851	555.515729	1.375179937
25.56101494	-5.803061074	-15.68203801	27.49536863	0.918811994	763.7502294	555.4848068	1.374925507
25.61838734	-5.80961556	-15.71400145	27.55492586	0.918930864	763.0787377	555.2719992	1.374243143
25.67575974	-5.815233691	-15.74549672	27.61417097	0.919032752	762.8406342	555.1208824	1.374188323
25.73313215	-5.820383644	-15.77675789	27.67326003	0.91912615	762.2857111	554.946357	1.373620534
25.79050455	-5.826001775	-15.80825316	27.73250514	0.919228039	761.6741371	554.742089	1.373023883
25.84787695	-5.831151728	-15.83951434	27.79159419	0.919321437	761.1014217	554.5924879	1.372361578
25.90524935	-5.837238037	-15.87124369	27.85099536	0.919431817	760.6282259	554.404311	1.371973866
25.96262175	-5.84238799	-15.90250487	27.91008441	0.919525214	759.9491882	554.1782111	1.371308314
26.01999415	-5.848006121	-15.93400013	27.96932952	0.919627103	760.0273184	554.2035165	1.371386676
26.07736655	-5.853156074	-15.96526131	28.02841857	0.919720501	759.4009598	554.0867213	1.370545315
26.13473895	-5.859242383	-15.99699067	28.08781974	0.919830881	759.0504131	553.9489744	1.370253305
26.19211135	-5.864392336	-16.02825184	28.14690879	0.919924279	758.3004738	553.6989946	1.36951752
26.24948375	-5.870010467	-16.05974711	28.20615391	0.920026167	757.7589457	553.5086922	1.36901002
26.30685615	-5.875160421	-16.09100829	28.26524296	0.920119565	757.0974154	553.2980571	1.368335575
26.36422855	-5.880778551	-16.12250355	28.32448807	0.920221454	756.7845692	553.1235021	1.368201796
26.42160095	-5.885928505	-16.15376473	28.38357712	0.920314852	756.2636364	552.9488738	1.367691793
26.47897335	-5.891078458	-16.1850259	28.44266617	0.92040825	755.602059	552.769898	1.366937783
26.53634575	-5.896696589	-16.21652117	28.50191128	0.920510139	755.2180905	552.6115455	1.366634658
26.59371815	-5.90231472	-16.24801644	28.56115639	0.920612027	754.5882599	552.391481	1.366038916
26.65109055	-5.907932851	-16.2795117	28.6204015	0.920713916	754.3790346	552.4029532	1.365631792
26.70846295	-5.912614627	-16.31053879	28.6793345	0.920798823	753.8782059	552.2058113	1.365212373
26.76583535	-5.91776458	-16.34179997	28.73842355	0.920892221	753.6013138	552.1630529	1.364816624
26.82320775	-5.923382711	-16.37329523	28.79766866	0.92099411	753.3030919	552.1051136	1.364419697
26.88058016	-5.928532664	-16.40455641	28.85675771	0.921087508	752.6234964	551.7773718	1.36399848
26.93795256	-5.934150795	-16.43605168	28.91600282	0.921189397	752.2024697	551.6673926	1.363507214
26.99532496	-5.939300749	-16.46731285	28.97509187	0.921282795	751.5752607	551.5294159	1.362711107
27.05269736	-5.944450702	-16.49857403	29.03418092	0.921376193	751.1571586	551.3902125	1.362296866
27.11006976	-5.949132478	-16.52960112	29.09311392	0.9214611	750.7420857	551.2315309	1.361936035
27.16744216	-5.954750609	-16.56109638	29.15235903	0.921562989	750.1635673	551.0795034	1.361261964
27.22481456	-5.959900562	-16.59235756	29.21144808	0.921656387	749.8489928	550.9645243	1.36097509
27.28218696	-5.965518693	-16.62385283	29.27069319	0.921758275	749.3222974	550.7486391	1.360552245
27.33955936	-5.970668646	-16.655114	29.32978224	0.921851673	748.7641062	550.5322944	1.360072994
27.39693176	-5.975350422	-16.68614109	29.38871523	0.921936581	748.1571654	550.3500588	1.359420524
27.45430416	-5.980968553	-16.71763636	29.44796034	0.922038469	747.7341509	550.188812	1.359050084
27.51167656	-5.985650329	-16.74866344	29.50689334	0.922123377	747.2828466	550.0885722	1.358477315
27.56904896	-5.990800282	-16.77992462	29.56598239	0.922216774	746.6551132	549.8688787	1.357878473
27.62642136	-5.995482058	-16.81095171	29.62491538	0.922301682	746.583541	549.9457393	1.357558551
27.68379376	-6.000632011	-16.84221289	29.68400443	0.92239508	746.0417647	549.7661312	1.357016597
