eps1        epsv      eps3             epsq       Void ratio    q           p          eta = q/p  
[%]         [%]       [%]              [%]        [%]           [kPa]       [kPa]      [-]

0	0	0	0	0.734091612	1.80	299.64	0.01
0.012495234	0.008352835	-0.0020712	0.009710956	0.733946767	12.3424686	302.9836332	0.04073642
0.035257586	0.016241623	-0.009507982	0.029843712	0.733809968	29.30853108	308.5488004	0.094988316
0.061567318	0.027378736	-0.017094291	0.052441073	0.73361684	47.85137958	314.6798009	0.152063715
0.095661578	0.045476544	-0.025092517	0.08050273	0.733303008	73.36034719	323.1710291	0.22700162
0.140003823	0.066822677	-0.036590573	0.117729598	0.732932846	106.9336689	334.3418943	0.319833293
0.187499295	0.08816881	-0.049665243	0.158109692	0.732562685	142.0098546	345.9925702	0.410441919
0.233319615	0.112299221	-0.060510197	0.195886541	0.732144241	177.760451	357.9411927	0.49661915
0.2764794	0.133645353	-0.071417023	0.231930949	0.73177408	212.8503772	369.5758787	0.575931465
0.316683036	0.154991486	-0.080845775	0.265019207	0.731403918	246.2978111	380.7043714	0.646952937
0.36752881	0.174481434	-0.096523688	0.309368332	0.731065945	278.1724626	391.3398682	0.710820658
0.410195904	0.193043288	-0.108576308	0.345848141	0.730744065	308.4159992	401.4212931	0.768310014
0.456903069	0.208820865	-0.124041102	0.387296114	0.730470467	337.0248912	410.9163684	0.820178793
0.504300002	0.224134395	-0.140082804	0.429588537	0.730204917	364.5777444	420.0496378	0.867939671
0.549627631	0.238055786	-0.155785922	0.470275702	0.729963507	390.7372743	428.7599341	0.911319466
0.596926025	0.249192899	-0.173866563	0.513861726	0.729770379	415.9539292	437.1861377	0.951434397
0.64363319	0.259865965	-0.191883613	0.557011202	0.729585299	439.7936634	445.1334538	0.988004069
0.695267271	0.268682846	-0.213292213	0.605706323	0.729432406	462.4251422	452.6266751	1.021648011
0.7346826	0.276571634	-0.229055483	0.642492056	0.729295607	484.3859405	459.9164142	1.05320429
0.780699997	0.28353233	-0.248583834	0.686189221	0.729174902	504.900619	466.8456473	1.081515104
0.839133222	0.287708747	-0.275712238	0.743230307	0.729102479	524.6492066	473.4289199	1.108190025
0.884855004	0.291885164	-0.29648492	0.787559949	0.729030056	543.5958334	479.7641301	1.133048094
0.929689941	0.295133489	-0.317278226	0.831312111	0.728973727	562.0020148	485.7983139	1.156862835
0.982802097	0.296061582	-0.343370258	0.884114903	0.728957633	579.3188951	491.5813024	1.178480329
1.022907194	0.297453721	-0.362726737	0.923755954	0.728933492	595.8858073	497.1131534	1.198692497
1.074048584	0.296525628	-0.388761478	0.975206708	0.728949586	612.0682373	502.5070508	1.218029153
1.129032968	0.294205396	-0.417413786	1.030964502	0.728989821	627.3523569	507.5709023	1.235989601
1.181849509	0.290028979	-0.445910265	1.085173182	0.729062244	642.2058818	512.6733183	1.25266102
1.22816252	0.283996376	-0.472083072	1.133497062	0.729166855	656.3342104	517.3714101	1.268593891
1.283442519	0.276571634	-0.503435443	1.191251975	0.729295607	669.9448605	521.9294375	1.283592785
1.332021912	0.2682188	-0.531901556	1.242615646	0.729440453	683.1819286	526.2914345	1.298105733
1.38267061	0.259401919	-0.561634346	1.296203304	0.729593346	695.8639491	530.4693177	1.311789251
1.43203831	0.250120991	-0.590958659	1.348664646	0.729754285	707.9250651	534.5202167	1.324412142
1.481110395	0.242232203	-0.619439096	1.400366327	0.729891084	719.6962273	538.4642614	1.336571949
1.526438023	0.232487229	-0.646975397	1.44894228	0.730060071	731.2521538	542.4364589	1.348088134
1.577382336	0.222742256	-0.67732004	1.503134917	0.730229058	742.1423713	546.0168284	1.35919322
1.622709964	0.212997282	-0.704856341	1.55171087	0.730398044	752.8823896	549.6171585	1.369830577
1.681143189	0.202324216	-0.739409487	1.613701784	0.730583125	762.9635499	552.9673423	1.379762405
1.725978126	0.190723056	-0.767627535	1.662403774	0.7307843	773.0222757	556.4324019	1.389247415
1.773375059	0.177729758	-0.797822651	1.714131807	0.731009616	782.8229548	559.5673939	1.39897886
1.821166146	0.165200506	-0.82798282	1.766099311	0.731226884	791.9140341	562.5882887	1.407626234
1.873489995	0.151279115	-0.86110544	1.823063624	0.731468294	801.124111	565.6486853	1.416292713
1.922365003	0.137357724	-0.892503639	1.876579095	0.731709704	809.617274	568.4589237	1.424231796
1.980404075	0.122972287	-0.928715894	1.939413313	0.73195916	818.1259268	571.3056723	1.432028363
2.02888493	0.107194711	-0.96084511	1.99315336	0.732232758	826.1552846	574.0025309	1.439288575
2.07529648	0.091417134	-0.991939673	2.044824102	0.732506356	834.1021172	576.6822481	1.446380776
2.126339331	0.074711465	-1.025813933	2.10143551	0.732796047	841.9016693	579.3025868	1.453302106
2.166542967	0.058005796	-1.054268586	2.147207702	0.733085739	849.4813275	581.8088155	1.460069536
2.212658902	0.04083608	-1.085911411	2.199046875	0.733383477	857.0672091	584.3072437	1.466809146
2.273358509	0.022738272	-1.125310118	2.265779085	0.73369731	863.8123459	586.5353806	1.472736981
2.321346672	0.004640464	-1.158353104	2.31979985	0.734011143	870.836798	588.9477937	1.478631565
2.367955298	-0.013921391	-1.190938345	2.372595762	0.734333022	877.3801385	591.1495592	1.484193171
2.420870378	-0.033411338	-1.227140858	2.43200749	0.734670996	883.9553917	593.2905412	1.489919913
2.477431375	-0.053365332	-1.265398353	2.495219819	0.735017016	890.4119123	595.4123518	1.495454217
2.532711374	-0.072855279	-1.302783327	2.556996467	0.73535499	896.3243145	597.4642025	1.500214257
2.573210624	-0.093737366	-1.333473995	2.604456413	0.735717104	902.6168661	599.4391197	1.505769037
2.616468948	-0.11369136	-1.365080154	2.654366068	0.736063125	908.3352649	601.3249286	1.510556476
2.666624954	-0.134573446	-1.4005992	2.71148277	0.736425239	914.1139958	603.3633233	1.515030763
2.719441495	-0.155455533	-1.437448514	2.771260006	0.736787354	919.4345031	605.1882507	1.519253723
2.769597501	-0.177265712	-1.473431607	2.828686072	0.737165562	924.8512817	606.9634806	1.523734642
2.817684203	-0.199075891	-1.508380047	2.884042833	0.737543771	930.4203656	608.8607359	1.5281333
2.8637016	-0.221814163	-1.542757881	2.937639654	0.737938073	935.4103513	610.5445524	1.53209188
2.915729834	-0.247336713	-1.581533274	2.998175405	0.738380658	940.3788563	612.2616928	1.53591
2.97061568	-0.270539031	-1.620577356	3.060795357	0.738783007	945.1215276	613.7916502	1.539808382
3.019983379	-0.294205396	-1.657094388	3.118051845	0.739193404	949.9054476	615.4269382	1.543490199
3.076248761	-0.317871761	-1.697060261	3.182206015	0.7396038	954.2796747	616.9354549	1.546806343
3.128868226	-0.343858357	-1.736363292	3.243487678	0.740054431	958.6422152	618.3694751	1.550274155
3.179221309	-0.368916861	-1.774069085	3.302193596	0.740488969	963.2564836	619.8871585	1.553922307
3.22376063	-0.395367504	-1.809564067	3.355549798	0.740947647	967.381585	621.2923913	1.557047211
3.275690327	-0.419497915	-1.847594121	3.415522965	0.741366091	971.623503	622.767582	1.560170328
3.334025014	-0.445484511	-1.889754762	3.482519851	0.741816722	975.5302594	624.1001151	1.56309899
3.383195637	-0.469614922	-1.92640528	3.539733944	0.742235165	979.5577671	625.4329887	1.566207387
3.433450181	-0.496065565	-1.964757873	3.59880537	0.742693844	983.30005	626.7209823	1.568959837
3.485576954	-0.520660023	-2.003118488	3.659130295	0.743120334	986.8426367	627.9226606	1.571599018
3.534254885	-0.547110666	-2.040682775	3.716625107	0.743579013	990.7449869	629.182468	1.574654472
3.590618806	-0.573097262	-2.081858034	3.781651226	0.744029644	994.1299636	630.3722575	1.577052213
3.642351425	-0.600940044	-2.121645735	3.842664773	0.744512463	997.6423347	631.5126849	1.579766105
3.689157128	-0.627390687	-2.158273908	3.898287357	0.744971142	1000.952049	632.6462861	1.582166957
3.738721905	-0.654769423	-2.196745664	3.956978379	0.745445914	1004.270227	633.8033605	1.584513889
3.791834061	-0.682148158	-2.236991109	4.01921678	0.745920686	1007.49308	634.8779725	1.58690823
3.854997125	-0.70999094	-2.282494033	4.091660772	0.746403506	1010.234733	635.7917749	1.588939607
3.909685894	-0.737369676	-2.323527785	4.155475786	0.746878278	1013.480462	636.8937625	1.591286524
3.957378443	-0.765676504	-2.361527473	4.212603944	0.747369144	1016.403051	637.9285209	1.593286736
4.003001686	-0.793983332	-2.398492509	4.267662797	0.747860011	1019.307639	638.907084	1.595392608
4.051384002	-0.822290161	-2.436837082	4.325480723	0.748350877	1021.900744	639.7615772	1.597314969
4.098091167	-0.850132943	-2.474112055	4.381468815	0.748833696	1024.632663	640.6213661	1.599435669
4.142531951	-0.878903817	-2.510717884	4.43549989	0.74933261	1027.599191	641.6710167	1.601442428
4.195249953	-0.907210646	-2.5512303	4.497653502	0.749823476	1029.820014	642.472919	1.602900268
4.245307421	-0.936909613	-2.591108517	4.557610626	0.750338483	1032.499306	643.3351612	1.60491664
4.300981574	-0.965680488	-2.633331031	4.62287507	0.750837397	1034.742802	644.1438833	1.606384581
4.353009808	-0.994915409	-2.673962608	4.684648278	0.751344357	1037.188402	644.9695322	1.608119996
4.405038042	-1.025542469	-2.715290256	4.746885532	0.751875458	1039.390906	645.6941532	1.60972637
4.453518897	-1.054313344	-2.75391612	4.804956678	0.752374372	1041.440146	646.3871905	1.611170768
4.508601819	-1.085868497	-2.797235158	4.870557985	0.752921567	1043.83119	647.204529	1.612830478
4.553633833	-1.115103418	-2.834368625	4.925334972	0.753428527	1045.647135	647.85	1.614026603
4.6155159	-1.145266432	-2.880391166	4.997271377	0.753951582	1047.916799	648.6067188	1.615642837
4.664292369	-1.176357538	-2.920324954	5.056411549	0.75449073	1049.647182	649.183513	1.616872827
4.710309766	-1.207448645	-2.958879205	5.112792647	0.755029878	1051.644065	649.8490585	1.618289741
4.761352617	-1.238075705	-2.999714161	5.174044519	0.755560979	1053.466444	650.4971663	1.619478913
4.813775005	-1.268702765	-3.041238885	5.236675926	0.756092081	1055.047264	651.0247625	1.620594677
4.866493007	-1.298865779	-3.082679393	5.299448267	0.756615135	1056.916363	651.6071474	1.622014687
4.920787623	-1.329492839	-3.125140231	5.363951903	0.757146236	1058.451657	652.1087089	1.623121486
4.974392471	-1.361512038	-3.167952254	5.428229817	0.757701478	1060.402673	652.9214757	1.624089132
5.019523022	-1.393067191	-3.206295107	5.483878753	0.758248674	1061.750245	653.3814434	1.625008264
5.073226408	-1.424158298	-3.248692353	5.547945841	0.758787822	1063.242115	653.8278823	1.626180442
5.124959028	-1.45571345	-3.290336239	5.610196844	0.759335017	1064.577483	654.293657	1.627063738
5.176691647	-1.486804557	-3.331748102	5.672293166	0.759874166	1065.982429	654.7416483	1.62809626
5.22822719	-1.518823756	-3.373525473	5.734501775	0.760429408	1067.597207	655.2794975	1.629224187
5.276806583	-1.550378909	-3.413592746	5.793599552	0.760976603	1068.737462	655.7811986	1.629716534
5.336422268	-1.582862155	-3.459642211	5.864042986	0.761539892	1070.147269	656.2814973	1.630622337
5.386184121	-1.614417308	-3.500300714	5.924323223	0.762087088	1071.284978	656.6918348	1.63133592
5.435748897	-1.645972461	-3.540860679	5.984406384	0.762634283	1072.523615	657.0135426	1.632422386
5.487580055	-1.678919753	-3.583249904	6.047219972	0.763205619	1073.532813	657.3603091	1.63309649
5.534090143	-1.710938952	-3.622514547	6.104403127	0.763760861	1074.64335	657.761507	1.633788749
5.587202299	-1.745278383	-3.666240341	6.16896176	0.764356338	1075.938434	658.1121518	1.634886138
5.641891068	-1.782402092	-3.71214658	6.236025099	0.765000098	1076.508114	658.1406829	1.635680853
5.693229534	-1.812565106	-3.75289732	6.297417903	0.765523152	1077.507574	658.6964984	1.635817978
5.74693292	-1.845048352	-3.795990636	6.361949037	0.766086441	1078.402238	658.9847628	1.636460051
5.793640085	-1.877067551	-3.835353818	6.419329269	0.766641683	1079.648423	659.4813717	1.637117392
5.847442009	-1.910014843	-3.878728426	6.484113624	0.76721302	1080.363502	659.6994892	1.637660055
5.895627249	-1.942498088	-3.919062669	6.543126612	0.767776309	1080.860197	659.8851322	1.637952037
5.938688496	-1.97544538	-3.957066938	6.597170289	0.768347645	1082.080264	660.2922313	1.638789937
5.987760581	-2.007928626	-3.997844603	6.657070123	0.768910934	1082.84775	660.54765	1.639318148
6.040182968	-2.040875918	-4.040529443	6.720474941	0.769482271	1083.736927	660.9050963	1.639776926
6.094379046	-2.07382321	-4.084101128	6.785653449	0.770053607	1083.983821	661.0175934	1.639871362
6.145323359	-2.106306456	-4.125814907	6.84742551	0.770616896	1084.773236	661.3217077	1.640310946
6.202179971	-2.138789701	-4.170484836	6.915109871	0.771180185	1085.441746	661.5747432	1.640694051
6.245438294	-2.171736993	-4.208587644	6.969350625	0.771751521	1085.859834	661.7044769	1.641004212
6.298846065	-2.204220239	-4.251533152	7.033586145	0.772314811	1086.630706	661.9518054	1.64155562
6.350480146	-2.237167531	-4.293823839	7.096202657	0.772886147	1086.931575	662.0320991	1.641810989
6.400931768	-2.270578869	-4.335755318	7.157791391	0.77346553	1087.639216	662.3185023	1.642169458
6.453255617	-2.303990208	-4.378622912	7.221252353	0.774044913	1087.873752	662.3663999	1.642404796
6.507550233	-2.336473453	-4.422011843	7.286374717	0.774608203	1088.359612	662.5991184	1.642561214
6.552779323	-2.370348838	-4.46156408	7.342895602	0.775195633	1089.067134	662.9658759	1.642719744
6.608847628	-2.403760176	-4.506303902	7.41010102	0.775775016	1089.26957	663.0139325	1.642906003
6.659496326	-2.437171515	-4.54833392	7.471886831	0.776354399	1089.765725	663.1287946	1.643369634
6.709258179	-2.470118807	-4.589688493	7.532631115	0.776925735	1089.745362	663.1429049	1.64330396
6.754191654	-2.503994191	-4.629092923	7.588856385	0.777513166	1090.267011	663.306831	1.64368428
6.803953507	-2.536477437	-4.670215472	7.649445986	0.778076455	1090.464202	663.3830922	1.643792575
6.860218889	-2.570816868	-4.715517879	7.717157845	0.778671932	1090.696319	663.4809528	1.643899972
6.914907658	-2.604228207	-4.759567932	7.782983727	0.779251315	1091.054125	663.5701864	1.644218121
6.967231508	-2.637639545	-4.802435526	7.846444689	0.779830699	1090.926736	663.5883675	1.643981103
7.024482273	-2.670586837	-4.847534555	7.914677886	0.780402035	1091.256253	663.7185303	1.64415517
7.072963128	-2.703998175	-4.888480652	7.974295853	0.780981418	1091.319908	663.6687377	1.644374439
7.119473216	-2.73787356	-4.928673388	8.032097736	0.781568848	1091.894058	663.921093	1.644614201
7.175344445	-2.771748945	-4.973546695	8.09926076	0.782156278	1091.600439	663.8842739	1.644263137
7.234763054	-2.805160283	-5.019961668	8.169816481	0.782735662	1091.499127	663.8610342	1.644168087
7.290240129	-2.839035668	-5.064637899	8.236585352	0.783323092	1091.651315	663.9218848	1.644246621
7.333596991	-2.872447006	-5.103021999	8.291079327	0.783902475	1091.753134	664.0066753	1.644189998
7.387398916	-2.905858344	-5.14662863	8.356018364	0.784481858	1091.894558	664.0130867	1.644387106
7.436569539	-2.938805636	-5.187687587	8.416171417	0.785053194	1091.848796	664.0789646	1.644155069
7.482488397	-2.972681021	-5.227584709	8.473382071	0.785640625	1092.075804	664.1138221	1.644410593
7.541217237	-3.006556406	-5.273886822	8.543402706	0.786228055	1091.840012	664.1161926	1.644049677
7.595413315	-3.039503698	-5.317458506	8.608581214	0.786799391	1091.699345	664.1199906	1.643828465
7.647047396	-3.073379083	-5.360213239	8.67150709	0.787386821	1091.773802	664.2261876	1.643677744
7.695035559	-3.107718514	-5.401377036	8.73094173	0.787982299	1091.868974	664.2376696	1.643792612
7.750315558	-3.141129852	-5.445722705	8.797358842	0.788561682	1091.691306	664.1483299	1.643746218
7.802639407	-3.17454119	-5.488590299	8.860819804	0.789141065	1091.417721	664.0572169	1.643559761
7.853288105	-3.207488482	-5.530388294	8.922450932	0.789712401	1091.135782	663.9124682	1.643493433
7.898024503	-3.241363867	-5.569694185	8.978479126	0.790299831	1091.205603	664.0269132	1.643315326
7.957147497	-3.273847113	-5.615497305	9.048429868	0.790863121	1090.859227	663.9626335	1.642952739
8.001292666	-3.307258451	-5.654275558	9.103712149	0.791442504	1090.939124	663.9790627	1.643032417
8.045339296	-3.339741697	-5.692540496	9.158586528	0.792005793	1090.802418	663.9738959	1.642839311
8.096874839	-3.373153035	-5.735013937	9.221259184	0.792585176	1090.66347	663.9887159	1.642593381
8.154519757	-3.406564373	-5.780542065	9.290041215	0.79316456	1090.07956	663.7540875	1.642294309
8.203394765	-3.439511665	-5.821453215	9.349898654	0.793735896	1090.072576	663.7515952	1.642289952
8.252959542	-3.472923004	-5.862941273	9.410600543	0.794315279	1089.922504	663.7825394	1.641987307
8.307943926	-3.506334342	-5.907139134	9.47672204	0.794894662	1089.481676	663.6360886	1.641685397
8.360070698	-3.539281634	-5.949676166	9.539831243	0.795465998	1089.352987	663.5727862	1.641648074
8.416237542	-3.572692973	-5.994465257	9.6071352	0.796045382	1088.94532	663.4573033	1.641319365
8.465900857	-3.605176218	-6.035538538	9.667626263	0.796608671	1088.752829	663.4130537	1.641138689
8.51684517	-3.638587557	-6.077716363	9.729707689	0.797188054	1088.149313	663.2225766	1.640700047
8.563946488	-3.671534849	-6.117740668	9.787791437	0.79775939	1087.997447	663.1618337	1.640621326
8.612624419	-3.704482141	-6.15855328	9.847451799	0.798330727	1087.633781	663.0306548	1.640397429
8.663864347	-3.736965386	-6.200414867	9.909519476	0.798894016	1087.099977	662.8936959	1.639931083
8.725450799	-3.770840771	-6.248145785	9.982397722	0.799481446	1086.892291	662.7840654	1.639888989
8.774424345	-3.803324016	-6.288874181	10.04219902	0.800044735	1086.272908	662.5775222	1.639465378
8.823861022	-3.836271308	-6.330066165	10.10261812	0.800616071	1085.994605	662.5862106	1.639023854
8.874726504	-3.868754554	-6.371740529	10.16431136	0.801179361	1085.304642	662.3465119	1.638575311
8.927050353	-3.901701846	-6.4143761	10.22761764	0.801750697	1084.720165	662.1113662	1.638274496
8.978162181	-3.935113184	-6.456637683	10.28986658	0.80233008	1084.511601	662.0720441	1.638056781
9.030840768	-3.967132384	-6.498986576	10.35321823	0.802885322	1083.916198	661.9445873	1.637472711
9.074621345	-3.999615629	-6.537118487	10.40782655	0.803448612	1083.644571	661.8236001	1.637361634
9.126235718	-4.032562921	-6.57939932	10.47042336	0.804019948	1082.988328	661.6863945	1.63670938
9.176776024	-4.065510213	-6.621143119	10.5319461	0.804591284	1082.598961	661.5965154	1.636343203
9.226646269	-4.097529413	-6.662087841	10.59248941	0.805146526	1081.925489	661.3419076	1.635954831
9.288764828	-4.130476705	-6.709620766	10.6655904	0.805717863	1081.159923	661.1174099	1.635352369
9.338467558	-4.163423997	-6.750945777	10.72627556	0.806289199	1080.7482	660.9910281	1.635042163
9.393984049	-4.195443196	-6.794713622	10.79246511	0.806844441	1079.960123	660.7181326	1.634524723
9.43607962	-4.227926441	-6.832003031	10.84538843	0.80740773	1079.722551	660.5781341	1.634511492
9.493527462	-4.259945641	-6.876736551	10.91350934	0.807962972	1079.101021	660.4418865	1.633907606
9.542510862	-4.292892933	-6.917701898	10.97347517	0.808534309	1078.460263	660.1975274	1.633541809
9.585818455	-4.323984039	-6.954901247	11.02714647	0.809073457	1077.827623	660.0071353	1.633054501
9.634654048	-4.356003239	-6.995328643	11.08665513	0.809628699	1077.261452	659.9096648	1.632437756
9.685016985	-4.38895053	-7.036983758	11.14800049	0.810200035	1076.840586	659.7186891	1.632272367
9.741587836	-4.421433776	-7.081510806	11.21539909	0.810763325	1075.752697	659.3766294	1.631469253
9.796128797	-4.452524883	-7.12432684	11.28030376	0.811302473	1075.426683	659.3998589	1.630917369
9.850374144	-4.485008128	-7.167691136	11.34537685	0.811865762	1074.477211	658.9825684	1.630509307
9.90251077	-4.516563281	-7.209537026	11.40803186	0.812412957	1073.9236	658.7676683	1.63020083
9.948143868	-4.54858248	-7.248363174	11.46433803	0.8129682	1073.160612	658.4931789	1.629721683
10.00367021	-4.58060168	-7.292135946	11.53053744	0.813523442	1072.264451	658.1947047	1.629099176
10.06594643	-4.613084925	-7.339515679	11.60364141	0.814086731	1071.518129	657.9251968	1.628632152
10.12015236	-4.644176032	-7.382164198	11.66821104	0.814625879	1070.476007	657.6593646	1.627705868
10.17044632	-4.676195231	-7.423320777	11.72917807	0.815181122	1069.924377	657.455246	1.62737218
10.21532068	-4.706822291	-7.461071483	11.78426144	0.815712223	1069.108291	657.1326125	1.626929285
10.27036418	-4.738377444	-7.504370813	11.84982333	0.816259418	1068.536129	656.9624617	1.626479733
10.31863811	-4.769468551	-7.544053329	11.90846096	0.816798567	1067.70662	656.7163216	1.625826228
10.36198512	-4.800559657	-7.581272386	11.96217167	0.817337715	1066.76504	656.4332346	1.625092978
10.41757058	-4.831650764	-7.624610673	12.02812084	0.817876863	1066.393553	656.2992845	1.624858624
10.4740626	-4.86274187	-7.668402237	12.09497656	0.818416011	1065.451678	656.0463804	1.62404932
10.52204091	-4.89336893	-7.707704921	12.15316389	0.818947113	1064.740442	655.8187668	1.623528475
10.56480654	-4.924924083	-7.744865314	12.20644791	0.819494308	1063.895992	655.6181693	1.622737199
10.6172782	-4.955087097	-7.786182649	12.2689739	0.820017362	1062.904267	655.2267042	1.622193143
10.67083378	-4.98664225	-7.828738015	12.33304786	0.820564557	1062.273144	655.057224	1.621649384
10.72194561	-5.016341217	-7.869143413	12.39405935	0.821079565	1061.148603	654.773876	1.62063369
10.77697926	-5.046504231	-7.911741746	12.45914734	0.821602619	1060.684365	654.5681148	1.620433902
10.83494936	-5.07481106	-7.954880208	12.52655304	0.822093485	1059.586171	654.2123352	1.619636491
10.88549952	-5.107758352	-7.996628934	12.58808563	0.822664822	1058.776886	653.9629798	1.619016549
10.943578	-5.139313504	-8.041445754	12.6566825	0.823212017	1057.461143	653.5652926	1.617988523
10.99350737	-5.169012472	-8.081259921	12.71651153	0.823727024	1056.631404	653.2790841	1.617427268
11.04179115	-5.200103578	-8.120947364	12.77515901	0.824266172	1056.284451	653.143109	1.617232788
11.08849831	-5.229802546	-8.15915043	12.83176583	0.82478118	1055.078405	652.8720108	1.616057034
11.14407393	-5.259501513	-8.201787721	12.8972411	0.825296187	1054.413155	652.6811156	1.615510438
11.19629924	-5.287808342	-8.24205379	12.95890202	0.825787053	1053.341344	652.2834434	1.614852186
11.24980555	-5.321683726	-8.285744637	13.02370012	0.826374484	1052.475386	652.0254818	1.614162967
11.30074986	-5.350454601	-8.325602231	13.08423473	0.826873397	1051.446149	651.6319617	1.613558283
11.35248248	-5.380153568	-8.366318024	13.145867	0.827388404	1050.674469	651.3850199	1.612985311
11.40175164	-5.40938849	-8.405570066	13.20488114	0.827895365	1049.982745	651.1649762	1.612468089
11.45575064	-5.438623411	-8.447187027	13.26862511	0.828402325	1048.731067	650.7275905	1.611628403
11.50403442	-5.468322378	-8.486178399	13.32680855	0.828917332	1048.245601	650.5762175	1.61125718
11.55428897	-5.498021345	-8.526155155	13.38696275	0.829432339	1047.111409	650.1166112	1.610651675
11.6083865	-5.527256267	-8.567821385	13.45080526	0.8299393	1046.196272	649.8118935	1.60999865
11.66376504	-5.556491188	-8.610128115	13.51592877	0.83044626	1044.91635	649.446553	1.608933553
11.70584091	-5.585726109	-8.645783507	13.56774961	0.83095322	1043.931717	649.1177679	1.608231616
11.75668668	-5.614032937	-8.685359808	13.62803099	0.831444087	1043.218094	648.9105026	1.607645568
11.80497046	-5.642803812	-8.723887135	13.68590506	0.831943	1042.02924	648.463367	1.60692075
11.86685252	-5.673430872	-8.770141698	13.75799615	0.832474101	1041.314886	648.3171579	1.606181285
11.92154129	-5.702201747	-8.81187152	13.82227521	0.832973015	1040.036855	647.9214285	1.605189779
11.97780668	-5.731900714	-8.854853695	13.88844025	0.833488022	1039.262238	647.6732618	1.604608834
12.02599192	-5.760671589	-8.893331752	13.94621578	0.833986935	1037.911446	647.2233261	1.603637268
12.075064	-5.788978417	-8.932021209	14.00472347	0.834477802	1036.979338	646.9941654	1.60276459
12.12866885	-5.818213338	-8.973441093	14.06807329	0.834984762	1036.393117	646.7480712	1.602468044
12.17744532	-5.845592074	-9.011518696	14.12597601	0.835459534	1035.036748	646.2647652	1.60156766
12.22868525	-5.874826995	-9.05175612	14.18696091	0.835966495	1034.22262	646.0342013	1.600879052
12.27933394	-5.902669777	-9.09100186	14.24689054	0.836449314	1032.992463	645.6548401	1.59991438
12.33609202	-5.930976605	-9.133534311	14.31308422	0.83694018	1032.018121	645.3303052	1.599209137
12.38447433	-5.957891294	-9.171182814	14.3704381	0.837406906	1030.795475	644.9635687	1.598222791
12.43147711	-5.986198123	-9.208837618	14.42687649	0.837897772	1029.786984	644.5973699	1.59756622
12.48764396	-6.014504951	-9.251074454	14.49247894	0.838388638	1029.016856	644.3507815	1.596982397
12.53444966	-6.042811779	-9.28863072	14.54872025	0.838879505	1027.816872	643.900018	1.59623675
12.58490128	-6.070190515	-9.327545898	14.60829812	0.839354277	1026.659049	643.6053301	1.595168656
12.64274328	-6.09756925	-9.370156264	14.67526636	0.839829049	1025.550213	643.246003	1.594335928
12.69969843	-6.125412032	-9.41255523	14.74150244	0.840311869	1024.463058	642.8939029	1.59351808
12.74906613	-6.152790768	-9.450928448	14.79999638	0.840786641	1023.156175	642.4582752	1.592564395
12.80188267	-6.180169504	-9.491026086	14.86193917	0.841261413	1021.914642	642.0550438	1.591630891
12.85302406	-6.207548239	-9.530286148	14.9222068	0.841736186	1021.111714	641.7869913	1.59104458
12.90485522	-6.234462928	-9.569659072	14.98300952	0.842202911	1019.873037	641.4656799	1.589910526
12.95658783	-6.261841664	-9.609214749	15.04386839	0.842677684	1018.825836	641.096781	1.589191938
13.01068537	-6.288292307	-9.64948884	15.10678281	0.843136362	1017.611734	640.7125684	1.588249996
13.05315539	-6.31474295	-9.68394917	15.15806971	0.84359504	1016.772604	640.3921285	1.587734388
13.11119446	-6.342121685	-9.726658074	15.22523502	0.844069813	1015.490448	639.924259	1.586891626
13.1585914	-6.369036375	-9.763813885	15.28160352	0.844536538	1014.204483	639.4958498	1.585943807
13.20983132	-6.39641511	-9.803123217	15.34196969	0.84501131	1013.538125	639.3546987	1.585251703
13.27269877	-6.42193766	-9.847318217	15.41334466	0.845453895	1011.953295	638.8460899	1.58403301
13.32866854	-6.44885235	-9.888760445	15.47828599	0.84592062	1010.866805	638.5755896	1.583002578
13.37044879	-6.4743749	-9.922411845	15.52857376	0.846363205	1009.471337	638.1208005	1.581943945
13.4252361	-6.501289589	-9.963262843	15.59233263	0.84682993	1008.400527	637.7534151	1.581176209
13.47430818	-6.528204278	-10.00125623	15.65037627	0.847296655	1007.426573	637.4495797	1.580401972
13.52554811	-6.553726828	-10.03963747	15.71012372	0.84773924	1005.998334	636.9636251	1.579365437
13.57816757	-6.579713425	-10.0789405	15.77140538	0.848189871	1005.17055	636.697818	1.578724666
13.62280543	-6.604771929	-10.11378868	15.82439608	0.848624408	1003.973061	636.2985732	1.577833275
13.67512928	-6.630758525	-10.1529439	15.88538213	0.84907504	1002.884754	635.9556359	1.576972822
13.72489114	-6.655817029	-10.19035408	15.94349681	0.849509577	1001.512022	635.5893936	1.575721735
13.78026967	-6.681803625	-10.23103665	16.00753755	0.849960209	1000.287245	635.1914196	1.574780789
13.83298768	-6.707790222	-10.27038895	16.06891775	0.85041084	999.2118541	634.813042	1.574025403
13.88294661	-6.731920633	-10.30743362	16.12692015	0.850829283	997.8050057	634.3443386	1.572970617
13.93763538	-6.758371276	-10.34800333	16.1904258	0.851287962	996.8509692	634.0163694	1.572279546
13.99518176	-6.783893826	-10.38953779	16.2564797	0.851730546	995.301704	633.4596277	1.571215687
14.04395823	-6.80895233	-10.42645528	16.313609	0.852165084	994.4306636	633.2200499	1.570434581
14.096085	-6.833546787	-10.46481589	16.37393393	0.852591574	992.7504888	632.6296286	1.569244379
14.1559963	-6.858141244	-10.50706877	16.44204338	0.853018065	991.4498595	632.2978695	1.568010755
14.19452478	-6.883199748	-10.53886227	16.4889247	0.853452602	990.5534974	631.9482311	1.567459878
14.2475384	-6.908258252	-10.57789833	16.55029115	0.853887139	989.2863451	631.567151	1.566399303
14.30863216	-6.932852709	-10.62074243	16.61958306	0.85431363	988.1646666	631.1729342	1.565600508
14.35533932	-6.957447167	-10.65639325	16.67448838	0.85474012	986.6415605	630.6648222	1.564446796
14.40293333	-6.982041624	-10.69248748	16.73028054	0.855166611	985.4736197	630.2754266	1.563560276
14.45072442	-7.005707989	-10.7282162	16.78596042	0.855577007	984.0075303	629.7464921	1.562545473
14.50787665	-7.030302446	-10.76908955	16.8513108	0.856003497	982.8045412	629.3965107	1.561503002
14.55054374	-7.053968811	-10.80225628	16.90186668	0.856413894	981.7629509	629.110368	1.560557576
14.60749889	-7.078099222	-10.84279906	16.9668653	0.856832337	980.0606315	628.5119092	1.559335022
14.65873882	-7.10130154	-10.88002018	17.02583933	0.857234687	979.1154107	628.2273626	1.558536716
14.71224513	-7.124967905	-10.91860652	17.08723443	0.857645083	977.720569	627.7830673	1.557417872
14.76348506	-7.149098316	-10.95629169	17.14651783	0.858063527	976.5803029	627.4032246	1.556543327
14.81442937	-7.172300634	-10.993365	17.20519625	0.858465876	975.1925359	626.9205576	1.555528087
14.8762129	-7.195502953	-11.03585793	17.27471388	0.858868226	973.682095	626.4576433	1.554266446
14.92745283	-7.219169317	-11.07331107	17.3338426	0.859278622	972.4049232	626.0721574	1.553183466
14.98007229	-7.241907589	-11.11098994	17.39404149	0.859672925	970.6889156	625.5612089	1.551708932
15.02825753	-7.265573954	-11.14691574	17.45011551	0.860083321	969.6365443	625.1700164	1.550996559
15.07989161	-7.288312226	-11.18410192	17.50932902	0.860477623	968.0932869	624.6354373	1.549853289
15.1390146	-7.310586451	-11.22480053	17.57587676	0.860863879	966.6143282	624.1730601	1.548631926
15.18926915	-7.333324723	-11.26129694	17.63371072	0.861258181	965.1329739	623.6591973	1.547532656
15.23706024	-7.355598949	-11.29632959	17.68892655	0.861644437	963.6421689	623.2029103	1.546273538
15.27844633	-7.378801267	-11.3286238	17.73804675	0.862046786	962.7052114	622.9311571	1.545443987
15.3356971	-7.401075493	-11.36838629	17.80272226	0.862433042	960.9947943	622.3310651	1.544185801
15.38368526	-7.421957579	-11.40282142	17.85767112	0.862795156	959.5183289	621.808383	1.543109349
15.4331515	-7.444231805	-11.43869165	17.9145621	0.863181412	957.6132543	621.2344941	1.541468259
15.4871505	-7.465577938	-11.47636422	17.97567648	0.863551573	956.096451	620.739096	1.540254927
15.54390857	-7.487388117	-11.51564834	18.03970461	0.863929782	954.2885975	620.0958302	1.538937292
15.59790757	-7.508270203	-11.55308889	18.10066431	0.864291896	952.1222925	619.3739745	1.53723329
15.64560012	-7.529616336	-11.58760823	18.15547223	0.864662058	950.4107848	618.9042719	1.535634553
15.69654443	-7.54957033	-11.62305738	18.21306788	0.865008078	948.7480484	618.3606395	1.534295665
15.74413844	-7.56998837	-11.65706341	18.2674679	0.865362146	946.9781319	617.7398123	1.53297248
15.79321053	-7.59040641	-11.69180847	18.323346	0.865716213	945.1934871	617.1753757	1.531482824
15.85154522	-7.609896358	-11.73072079	18.38817733	0.866054187	943.0021199	616.465572	1.529691459
15.90968283	-7.628922259	-11.76930254	18.45265691	0.866384113	940.7770654	615.7647811	1.527818892
15.95579876	-7.64794816	-11.80187346	18.50511481	0.86671404	938.6890126	615.0790485	1.526127438
16.00930507	-7.667438107	-11.83837159	18.56511777	0.867052014	936.9424927	614.5074882	1.524704761
16.05739177	-7.685999962	-11.87169587	18.61939176	0.867373893	934.6282313	613.6856268	1.522975593
16.11208054	-7.705025863	-11.9085532	18.6804225	0.86770382	932.7209283	612.9991721	1.521569638
16.16065993	-7.722659624	-11.94165978	18.73487981	0.868009605	930.3010482	612.2129514	1.519571002
16.21692532	-7.740757433	-11.97884137	18.79717779	0.868323438	928.2616396	611.4926645	1.518025797
16.26333687	-7.759319287	-12.01132808	18.84977663	0.868645317	926.2872207	610.8548489	1.5163786
16.31684318	-7.776489003	-12.04666609	18.90900618	0.868943056	924.2202565	610.2167118	1.514577098
16.36167811	-7.794586811	-12.07813246	18.95987372	0.869256889	922.5961637	609.6346996	1.513359007
16.41715519	-7.812220573	-12.11468788	19.02122871	0.869562674	920.1552802	608.8720867	1.51124563
16.4680995	-7.829390289	-12.14874489	19.07789626	0.869860413	918.0670863	608.2066311	1.509465763
16.51727012	-7.845631912	-12.18145102	19.13248076	0.870142057	915.6284078	607.3834533	1.507496464
16.56190798	-7.861873534	-12.21189076	19.1825325	0.870423702	913.706492	606.7832987	1.505820107
16.61886313	-7.87904325	-12.24895319	19.24521088	0.870721441	911.6440251	606.1459227	1.50400092
16.67365044	-7.894820826	-12.28423563	19.30525738	0.870995038	909.0574673	605.3041428	1.501819339
16.72617137	-7.910598403	-12.31838489	19.3630375	0.871268636	907.3409935	604.7729608	1.500300199
16.78391482	-7.926375979	-12.3551454	19.42604015	0.871542233	905.1346831	603.97688	1.498624721
16.83515475	-7.942153556	-12.38865415	19.48253927	0.871815831	902.8474777	603.1538342	1.496877623
16.88836545	-7.957003039	-12.42268424	19.54069979	0.872073335	900.6053117	602.4368086	1.494937392
16.93911268	-7.972780616	-12.45594665	19.59670622	0.872346932	898.3846573	601.7675194	1.49290985
16.98572131	-7.987166053	-12.48644368	19.64810999	0.872596389	896.7820979	601.243618	1.491545309
17.04376038	-8.002015537	-12.52288796	19.71109889	0.872853893	894.2994231	600.4056107	1.489492115
17.09706961	-8.016865021	-12.55696732	19.76935795	0.873111396	892.6664986	599.9125635	1.487994339
17.14988615	-8.031250458	-12.59056831	19.82696964	0.873360853	890.2910547	599.0192929	1.486247714
17.20782669	-8.04377971	-12.6258032	19.88908659	0.873578122	888.2829177	598.3401209	1.484578564
17.27355175	-8.058165147	-12.66585845	19.9596068	0.873827578	885.5099961	597.4461767	1.482158612
17.31976622	-8.072550585	-12.6961584	20.01061642	0.874077035	883.8677233	596.8883854	1.480792297
17.36903538	-8.085543883	-12.72728963	20.06421668	0.874302351	881.6495459	596.22066	1.478730284
17.42254169	-8.098073135	-12.76030741	20.12189941	0.874519619	879.5175036	595.4997762	1.476940108
17.47565385	-8.111530479	-12.79359216	20.17949734	0.874752982	877.4539285	594.8019608	1.47520349
17.52039025	-8.123131638	-12.82176094	20.22810079	0.874954157	875.0248124	593.9923375	1.473124748
17.57773955	-8.13566089	-12.85670022	20.28962652	0.875171426	872.9008991	593.3245224	1.471203138
17.62631894	-8.148190142	-12.88725454	20.34238233	0.875388694	870.9137273	592.6320148	1.469569152
17.67982525	-8.159327255	-12.91957625	20.39960101	0.875581822	868.3201974	591.7773798	1.467308868
17.73283887	-8.170464368	-12.95165162	20.45632699	0.87577495	866.3574343	591.1536524	1.465536804
17.78841449	-8.181137434	-12.98477596	20.5154603	0.87596003	863.8206096	590.2472362	1.463489461
17.83847195	-8.191810501	-13.01514123	20.56907545	0.876145111	861.9524511	589.6948717	1.461692296
17.89089434	-8.202483567	-13.04668895	20.62505553	0.876330192	860.3512905	589.1922525	1.460221663
17.94469627	-8.211764494	-13.07823038	20.6819511	0.876491132	858.3207043	588.4953944	1.458500291
17.99583765	-8.222437561	-13.10913761	20.73665018	0.876676213	855.8266507	587.7150582	1.456193165
18.04116528	-8.231718488	-13.13644189	20.78507145	0.876837152	854.4675623	587.2110958	1.455128434
18.10363858	-8.241463462	-13.17255102	20.85079307	0.877006139	853.161345	586.745655	1.45405652
18.15093697	-8.250744389	-13.20084068	20.9011851	0.877167079	851.6052577	586.2574042	1.452613223
18.20424621	-8.260489363	-13.23236778	20.95774266	0.877336066	850.0257059	585.710727	1.451272218
18.25174168	-8.26977029	-13.26075598	21.00833178	0.877497005	847.9210886	585.0999489	1.44919016
18.30859829	-8.278587171	-13.29359273	21.06812735	0.877649898	846.4938437	584.5638026	1.448077763
18.35579815	-8.286940006	-13.32136908	21.11811148	0.877794744	844.7463401	583.9508564	1.446605191
18.40713661	-8.29529284	-13.35121473	21.17223423	0.87793959	843.0536617	583.3458182	1.445203917
18.45413939	-8.302717582	-13.37842849	21.22171192	0.878068342	841.9898001	583.0419667	1.444132409
18.51424777	-8.311534463	-13.41289112	21.28475926	0.878221234	841.150138	582.8232973	1.443233553
18.55898417	-8.318959205	-13.43897169	21.33197057	0.878349986	839.3041156	582.1779215	1.441662565
18.60953433	-8.326383947	-13.46795914	21.38499564	0.878478738	838.4933354	581.9178645	1.440913549
18.65722688	-8.334272735	-13.49574981	21.43531779	0.878615537	837.2854028	581.5354623	1.439783912
18.71378787	-8.34123343	-13.52751065	21.49419902	0.878736242	835.7760091	581.051999	1.43838419
18.76739272	-8.349586265	-13.55848949	21.55058814	0.878881088	835.0240869	580.8728613	1.43753331
18.83075286	-8.356546961	-13.59364991	21.61626852	0.879001792	833.924031	580.415169	1.4367716
18.88544163	-8.363507656	-13.62447464	21.67327752	0.879122497	832.9410058	580.0467639	1.435989402
18.93323272	-8.371860491	-13.6525466	21.72385288	0.879267343	832.195597	579.9092153	1.435044616
18.98200919	-8.37835714	-13.68018316	21.7747949	0.879380001	830.8427552	579.4079911	1.43395115
19.03216519	-8.385781882	-13.70897354	21.82742582	0.879508753	829.9454011	579.139236	1.433067127
19.08508027	-8.392742577	-13.73891143	21.88266113	0.879629458	828.7522813	578.7317364	1.432014575
19.13848804	-8.399703273	-13.76909566	21.93838914	0.879750162	827.5550539	578.3018876	1.431008737
19.19396512	-8.406663968	-13.80031454	21.99618644	0.879870867	826.6901328	578.0641856	1.430100936
19.2468802	-8.413160617	-13.83002041	22.05126707	0.879983525	825.3540822	577.7001314	1.428689449
19.29555813	-8.420121313	-13.85783972	22.10226523	0.88010423	824.5463437	577.3500812	1.428156625
19.34167407	-8.426617962	-13.88414601	22.15054672	0.880216888	823.4574887	576.9568486	1.427242767
19.39518037	-8.433114611	-13.91414749	22.20621858	0.880329546	822.5644528	576.6593339	1.426430484
19.44159192	-8.440075306	-13.94083362	22.25495036	0.88045025	821.8759025	576.4602622	1.425728635
19.49480262	-8.445643863	-13.97022324	22.31001724	0.880546814	820.7912368	576.1602529	1.424588442
19.54407178	-8.452604558	-13.99833817	22.36160663	0.880667519	819.9528869	575.860479	1.423874214
19.5978737	-8.458637161	-14.02825543	22.41741942	0.88077213	818.455541	575.3818517	1.422456302
19.65502593	-8.46513381	-14.06007987	22.4767372	0.880884788	817.4205499	575.0267336	1.421534865
19.70537901	-8.471166413	-14.08827271	22.52910115	0.880989399	816.4588861	574.79694	1.420430119
19.75484525	-8.477663062	-14.11625416	22.58073294	0.881102057	815.5033599	574.4177053	1.419704428
19.81140625	-8.483695665	-14.14755096	22.6393048	0.881206667	815.1386981	574.3264324	1.419295112
19.86274472	-8.489728268	-14.17623649	22.69265414	0.881311278	813.8056712	573.9126991	1.417995581
19.91004311	-8.49576087	-14.20290199	22.7419634	0.881415889	813.4949659	573.8292906	1.417660233
19.95458243	-8.501793473	-14.22818795	22.78851359	0.8815205	812.8094941	573.600554	1.417030525
20.01764696	-8.507826076	-14.26273652	22.85358898	0.881625111	812.5127915	573.5822112	1.416558561
20.06957665	-8.513394632	-14.29148564	22.90737487	0.881721675	811.5014353	573.2758654	1.415551368
20.12298443	-8.518963189	-14.32097381	22.96263882	0.881818239	810.3954265	572.9477618	1.414431612
20.17727904	-8.524531745	-14.35090539	23.01878962	0.881914802	809.6290954	572.6318381	1.413873699
20.22851897	-8.530564348	-14.37954166	23.07204042	0.882019413	808.7167886	572.3472399	1.41298277
20.28084282	-8.535668858	-14.40825584	23.12606577	0.88210793	808.4689735	572.2553338	1.41277665
20.33671405	-8.542165507	-14.43943978	23.18410255	0.882220588	807.9875038	572.0344459	1.412480506
20.38972767	-8.547270017	-14.46849884	23.23881767	0.882309105	807.5052256	571.8432415	1.412109416
20.43022692	-8.550982388	-14.49060465	23.28055438	0.882373481	805.1068094	571.1453075	1.40963569
