eps1        epsv      eps3             epsq       Void ratio    q           p          eta = q/p  
[%]         [%]       [%]              [%]        [%]           [kPa]       [kPa]      [-]

0	0	0	0	0.817760544	1.75	200.40	0.01
0.013374921	0.012613879	-0.000380521	0.009170294	0.817531254	9.558518205	203.0361317	0.047077917
0.042756434	0.021490312	-0.010633061	0.035592996	0.817369901	28.8415826	209.4940189	0.137672582
0.042756434	0.021957493	-0.01039947	0.035437269	0.817361409	28.22168799	209.2673913	0.134859463
0.058197292	0.030366746	-0.013915273	0.048075043	0.817208549	34.20678333	211.2620951	0.161916331
0.087898815	0.049053974	-0.019422421	0.071547491	0.81686886	48.74539227	216.0678961	0.225602198
0.125664991	0.071945828	-0.026859581	0.101683048	0.816452741	65.88967758	221.7828219	0.297090988
0.162546022	0.096706405	-0.032919808	0.130310553	0.816002653	82.55990482	227.3294433	0.363172951
0.19982045	0.126138789	-0.03684083	0.157774187	0.815467643	100.4825582	233.2319941	0.430826648
0.255682918	0.159308619	-0.04818715	0.202580045	0.814864694	122.3843952	240.5432194	0.508783393
0.306922963	0.189675364	-0.058623799	0.243697842	0.8143127	142.7669393	247.2964248	0.577310972
0.369276493	0.218640568	-0.075317962	0.296396303	0.813786182	161.3708401	253.467526	0.636652918
0.424352165	0.245737049	-0.089307558	0.342439816	0.813293633	178.8016442	259.2981181	0.689560131
0.490738021	0.271899168	-0.109419426	0.400104965	0.812818068	194.6935582	264.6660237	0.735619765
0.540699524	0.296192564	-0.12225348	0.441968669	0.812376472	209.7797081	269.5931204	0.778134501
0.60531509	0.317682876	-0.143816107	0.499420797	0.81198583	223.7025406	274.2640175	0.815646699
0.665603281	0.338238827	-0.163682227	0.552857005	0.811612172	236.8897724	278.6504605	0.850132356
0.728645256	0.356458875	-0.186093191	0.609825632	0.811280975	249.2126773	282.7077364	0.881520543
0.792474027	0.373744561	-0.209364733	0.667892507	0.810966763	260.9168374	286.6491151	0.910230744
0.855319303	0.390563066	-0.232378119	0.725131615	0.810661042	271.9538296	290.2977495	0.936809982
0.909804879	0.405512848	-0.252146016	0.77463393	0.810389291	282.4148074	293.8049021	0.961232455
0.97707588	0.419061089	-0.279007396	0.83738885	0.810143017	292.4239791	297.1203127	0.984193832
1.039331059	0.432142148	-0.303594456	0.895283677	0.809905234	301.8888953	300.2250898	1.00554186
1.097160516	0.442887304	-0.327136606	0.949531414	0.809709913	310.9498324	303.2760111	1.025303093
1.162956275	0.45316528	-0.354895497	1.011901181	0.809523084	319.5556759	306.0834896	1.044014743
1.222851068	0.462041713	-0.380404678	1.068837164	0.809361732	327.820644	308.899123	1.061254693
1.287860032	0.469983785	-0.408938124	1.13119877	0.809217364	335.7651425	311.4869732	1.077942808
1.346869681	0.477458676	-0.434705503	1.187716789	0.809081488	343.3921064	313.9786075	1.093679946
1.400568462	0.483999206	-0.458284628	1.239235393	0.808962597	350.7538097	316.4019816	1.108570205
1.47669091	0.488671013	-0.494009948	1.313800572	0.808877675	357.8929131	318.8015147	1.122619864
1.536389005	0.49334282	-0.521523092	1.371941398	0.808792753	364.6282706	321.0470439	1.135747167
1.597070594	0.496613085	-0.550228755	1.431532899	0.808733307	371.2017485	323.1872702	1.1485655
1.660407617	0.49988335	-0.580262134	1.493779834	0.808673861	377.4850799	325.301628	1.160415588
1.722466098	0.501752073	-0.610357013	1.555215408	0.808639892	383.6875341	327.3998037	1.171923531
1.785114676	0.503153615	-0.640980531	1.617396804	0.808614416	389.5700276	329.4420129	1.182514714
1.853074122	0.503620795	-0.674726663	1.685200524	0.808605924	395.2025784	331.3299788	1.192776397
1.919361628	0.503620795	-0.707870416	1.75148803	0.808605924	400.7415277	333.0951632	1.203084199
1.985354086	0.502219253	-0.741567416	1.817947668	0.8086314	406.0693112	334.8403181	1.212725258
2.04692082	0.50035053	-0.773285145	1.88013731	0.808665369	411.2796175	336.5872078	1.221911017
2.10750406	0.497547446	-0.804978307	1.941654911	0.808716323	416.3206625	338.3391412	1.230483299
2.16464507	0.492408459	-0.836118306	2.000508917	0.808809737	421.2154726	339.8996515	1.239234788
2.227785395	0.487736652	-0.870024371	2.065206511	0.808894659	425.9894716	341.4808635	1.247476849
2.294958045	0.480728941	-0.907114552	2.134715065	0.809022043	430.5664725	342.9862885	1.255346021
2.357311575	0.47325405	-0.942028762	2.199560225	0.809157918	435.0295228	344.5247409	1.262694579
2.414452585	0.465779159	-0.974336713	2.259192865	0.809293794	439.3294006	345.9781115	1.269818483
2.474249029	0.457837087	-1.008205971	2.321636667	0.809438162	443.5911242	347.3888111	1.276929798
2.539651391	0.450829376	-1.044411007	2.389374932	0.809565545	447.8070508	348.7739599	1.283946344
2.60879103	0.443821666	-1.082484682	2.460850474	0.809692929	451.7656044	350.1138018	1.290339318
2.668980872	0.437281136	-1.115849868	2.523220493	0.80981182	455.5462921	351.38407	1.296434104
2.727990521	0.430273425	-1.148858548	2.584566046	0.809939203	459.235221	352.613467	1.302375729
2.784541435	0.422331353	-1.181105041	2.643764317	0.810083571	463.0694468	353.9422293	1.308319292
2.843354385	0.414389282	-1.214482552	2.705224625	0.810227939	466.6367721	355.0705297	1.31420868
2.919476833	0.405980029	-1.256748402	2.784150156	0.810380799	470.1485687	356.2925536	1.319557661
2.977207939	0.397103596	-1.290052172	2.844840074	0.810542151	473.5803564	357.4057918	1.325049474
3.036414287	0.387759982	-1.324327153	2.90716096	0.810711996	477.104732	358.5094907	1.330800842
3.106832469	0.377482006	-1.364675231	2.981005133	0.810898825	480.3316327	359.6359752	1.335605072
3.171054637	0.367671211	-1.401691713	3.048497567	0.811077161	483.4253298	360.6471296	1.34043859
3.229965937	0.357393236	-1.43628635	3.110834858	0.81126399	486.5917069	361.7531936	1.345093051
3.281107633	0.346180899	-1.467463367	3.165714	0.811467804	489.6632583	362.7562281	1.349841079
3.347591838	0.335902924	-1.505844457	3.235624196	0.811654633	492.6925433	363.8167588	1.354232677
3.413780994	0.324223406	-1.544778794	3.305706525	0.811866939	495.5332564	364.7439951	1.358578244
3.468955016	0.312076708	-1.578439154	3.364929447	0.812087736	498.4234089	365.6772623	1.363014495
3.531406895	0.299462829	-1.615972033	3.431585952	0.812317027	501.1624763	366.6004878	1.36705349
3.597596051	0.287783312	-1.65490637	3.501668281	0.812529332	503.8287768	367.5503906	1.370774701
3.671554812	0.274702252	-1.69842628	3.579987394	0.812767115	506.4245497	368.4054452	1.374639154
3.73233475	0.262088373	-1.735123189	3.644971959	0.812996405	509.069329	369.2867103	1.378520577
3.793409737	0.248540133	-1.772434802	3.710563026	0.813242679	511.5439909	370.1117616	1.382133842
3.852911134	0.235459073	-1.80872603	3.774424776	0.813480462	514.0958916	370.9718602	1.385808323
3.919690387	0.221910833	-1.848889777	3.845720109	0.813726736	516.3722573	371.7613398	1.388988585
3.988830026	0.208362593	-1.890233717	3.919375828	0.813973011	518.6844559	372.5832516	1.392130359
4.046167735	0.194347171	-1.925910282	3.981385344	0.814227777	520.9302315	373.2610785	1.395618942
4.112160193	0.17986457	-1.966147811	4.052205336	0.814491036	523.2459462	374.1039124	1.398664726
4.174612071	0.164914787	-2.004848642	4.119640476	0.814762788	525.4508878	374.7778389	1.402032973
4.24207977	0.149497824	-2.046290973	4.192247162	0.815043031	527.4280893	375.4669411	1.404725774
4.303154757	0.134080861	-2.084536948	4.258461137	0.815323275	529.5772818	376.2044826	1.407684667
4.360984213	0.119131079	-2.120926567	4.321273854	0.815595026	531.5322427	376.8250352	1.410554483
4.434647925	0.103246935	-2.165700495	4.400232281	0.815883762	533.5834802	377.4980861	1.413473339
4.507721541	0.087362791	-2.210179375	4.478600611	0.816172497	535.4580912	378.1947874	1.415826207
4.567714684	0.071478647	-2.248118019	4.543888469	0.816461233	537.2444419	378.7500816	1.418466868
4.628002876	0.054192961	-2.286904957	4.609938556	0.816775445	539.1757971	379.4140267	1.421075024
4.686127381	0.037374456	-2.324376462	4.673669228	0.817081166	541.0133416	379.9957685	1.423735174
4.743563439	0.020555951	-2.361503744	4.736711455	0.817386886	542.6766278	380.6112513	1.425802905
4.804343378	0.003270265	-2.400536556	4.803253289	0.817701098	544.5597208	381.2289099	1.428432384
4.861976135	-0.01354824	-2.437762188	4.866492215	0.818006818	546.1282109	381.741783	1.430622047
4.9351481	-0.031768288	-2.483458194	4.945737529	0.818338015	547.8058222	382.3920757	1.432576293
5.001435606	-0.049053974	-2.52524479	5.017786931	0.818652227	549.2282275	382.8458048	1.434593825
5.062215545	-0.067274021	-2.564744783	5.084640218	0.818983424	550.9702213	383.3864774	1.437114384
5.126732761	-0.085961249	-2.606347005	5.155386511	0.819323113	552.1974375	383.7957135	1.438779585
5.190463182	-0.105115658	-2.64778942	5.225501735	0.819671295	553.9452061	384.418869	1.440993798
5.25645564	-0.122868524	-2.689662082	5.297411815	0.819993999	555.3192235	384.9068278	1.442736744
5.318907519	-0.13968703	-2.729297274	5.365469862	0.820299719	556.6988311	385.417876	1.444403246
5.378605614	-0.157907077	-2.768256345	5.431241306	0.820630916	558.1533172	385.8522637	1.446546696
5.445089819	-0.176594305	-2.810842062	5.503954587	0.820970605	559.4581903	386.2367804	1.448485019
5.512655867	-0.196215894	-2.854435881	5.578061165	0.821327279	560.8349071	386.715846	1.45025065
5.580123566	-0.214435942	-2.897279754	5.651602213	0.821658476	561.9921057	387.1517739	1.451606692
5.642968842	-0.23359035	-2.938279596	5.720832293	0.822006657	563.4106621	387.574103	1.453685005
5.700896648	-0.25321194	-2.977054294	5.785300628	0.82236333	564.6976459	388.0238316	1.455316916
5.763545226	-0.272366349	-3.017955787	5.854334008	0.822711512	565.9217836	388.4118815	1.457014604
5.831406322	-0.291987938	-3.06169713	5.928735635	0.823068185	567.0057854	388.8545115	1.458143775
5.890907719	-0.312076708	-3.101492213	5.994933288	0.823433351	568.2381558	389.2450596	1.459846803
5.966636768	-0.332165478	-3.149401123	6.077358594	0.823798517	569.2148562	389.5299784	1.461286391
6.018368561	-0.352254248	-3.185311405	6.135786644	0.824163682	570.4545842	389.9840331	1.462763949
6.087803248	-0.372343018	-3.230073133	6.211917588	0.824528848	571.3095633	390.2591511	1.463923554
6.144059114	-0.394300511	-3.269179813	6.275492617	0.824927983	572.5405975	390.6694958	1.465536991
6.212411957	-0.414389282	-3.313400619	6.350541718	0.825293149	573.4658196	391.0187152	1.466594302
6.277420921	-0.435412413	-3.356416667	6.422558392	0.825675299	574.403699	391.3412167	1.467782269
6.346068813	-0.456902725	-3.401485769	6.498369721	0.826065941	575.2457164	391.6219711	1.468880091
6.401144485	-0.475122773	-3.438133629	6.559518743	0.826397138	576.2901961	392.041142	1.469973771
6.465760051	-0.493810001	-3.479785026	6.630363385	0.826736827	577.3392944	392.3399905	1.471528033
6.525359797	-0.51343159	-3.519395693	6.69650366	0.827093501	578.1385085	392.5964382	1.472602531
6.580238771	-0.534454722	-3.557346746	6.758390345	0.827475651	578.974014	392.864819	1.47372324
6.642788999	-0.554543492	-3.598666245	6.827636829	0.827840816	579.8505687	393.1977339	1.474704757
6.710059999	-0.575099443	-3.642579721	6.901759813	0.828214474	580.7779366	393.5577075	1.475712267
6.78057653	-0.596122574	-3.688349552	6.979284054	0.828596625	581.4588301	393.794957	1.476552251
6.837225793	-0.616678525	-3.726952159	7.042785301	0.828970283	582.4477813	394.1040374	1.477903614
6.900661166	-0.637701656	-3.769181411	7.113228385	0.829352433	583.1347169	394.372926	1.478637803
6.966948672	-0.658724788	-3.81283673	7.186523601	0.829734583	583.9714049	394.682513	1.479597868
7.02438473	-0.680682281	-3.852533506	7.251278824	0.830133718	584.5510515	394.8863415	1.480302026
7.090180489	-0.700771051	-3.89547577	7.32377084	0.830498883	585.3412664	395.0888565	1.481543346
7.153320814	-0.722261363	-3.937791089	7.394074602	0.830889526	585.9687715	395.3187588	1.482269076
7.219313272	-0.743284495	-3.981298883	7.46707477	0.831271676	586.6467243	395.5755161	1.483020815
7.282256897	-0.764774807	-4.023515852	7.537181833	0.831662318	587.1366627	395.7383369	1.483648684
7.343921981	-0.786265119	-4.06509355	7.606010354	0.832052961	587.784936	395.963893	1.484440744
7.405783763	-0.807755432	-4.106769597	7.675035574	0.832443603	588.3290163	396.0648591	1.485436041
7.467153798	-0.830180105	-4.148666952	7.7438805	0.83285123	588.953309	396.3041397	1.486114451
7.540325763	-0.851203237	-4.1957645	7.824060176	0.83323338	589.3237184	396.3762665	1.486778519
7.608973655	-0.87316073	-4.241067192	7.900027232	0.833632515	589.9007261	396.5996214	1.48739609
7.665917967	-0.894651042	-4.280284504	7.964134981	0.834023157	590.3015062	396.7233397	1.48794247
7.731812075	-0.916608535	-4.324210305	8.037348253	0.834422292	591.0100537	396.9799282	1.488765582
7.801443461	-0.938566028	-4.370004744	8.114298804	0.834821427	591.4578833	397.1597318	1.489219163
7.864387087	-0.96005634	-4.412221713	8.184405867	0.835212069	591.8827039	397.3318656	1.48964318
7.926248869	-0.982481014	-4.454364941	8.25374254	0.835619696	592.3744357	397.4956942	1.490266295
7.990372688	-1.003971326	-4.497172007	8.325029797	0.836010338	592.8053454	397.6089678	1.490925491
8.052431169	-1.026395999	-4.539413584	8.394563169	0.836417965	593.4429482	397.8620681	1.49157961
8.113702855	-1.048353492	-4.581028174	8.463154019	0.8368171	593.7194698	397.9542419	1.491928989
8.185301229	-1.069843805	-4.627572517	8.541915831	0.837207742	594.047422	398.0940043	1.49222901
8.246474565	-1.092268478	-4.669371522	8.610564058	0.837615369	594.5191163	398.3020868	1.492633697
8.31138518	-1.115627513	-4.713506346	8.683261017	0.83803998	595.0094323	398.4353264	1.493365153
8.381213265	-1.137585006	-4.759399135	8.760408267	0.838439115	595.2083929	398.6021186	1.493239411
8.438059227	-1.16000968	-4.799034453	8.82472912	0.838846742	595.5375793	398.6713634	1.493805761
8.498150719	-1.182434353	-4.840292536	8.892295504	0.839254369	595.9440094	398.8172071	1.494278579
8.566405214	-1.204391846	-4.88539853	8.967869162	0.839653503	596.4477442	399.0563757	1.494645319
8.625316513	-1.227750881	-4.926533697	9.034566807	0.840078115	596.6049439	399.0988186	1.494880255
8.685014609	-1.249708374	-4.967361491	9.101584067	0.840477249	596.9628853	399.1673634	1.495520275
8.747958234	-1.271665867	-5.009812051	9.171846857	0.840876384	597.1494879	399.2602553	1.495639699
8.813852343	-1.29362336	-5.053737851	9.245060129	0.841275519	597.5964692	399.4197801	1.49616143
8.878467908	-1.316982395	-5.097725152	9.31746204	0.84170013	597.8769037	399.5232972	1.496475694
8.945837258	-1.33987425	-5.142855754	9.392462008	0.842116249	597.9593415	399.5613895	1.496539348
9.015468644	-1.362298923	-5.188883784	9.469568285	0.842523876	598.2262874	399.6093955	1.497027583
9.074183245	-1.384256416	-5.229219831	9.53560205	0.842923011	598.4841519	399.7664433	1.497084515
9.139388907	-1.407148271	-5.273268589	9.608438331	0.84333913	598.791257	399.8693037	1.497467426
9.200168846	-1.430507306	-5.315338076	9.677004615	0.843763741	598.9427422	399.8993107	1.49773387
9.257113158	-1.452931979	-5.355022568	9.741423817	0.844171368	599.3210078	400.0661293	1.498054856
9.332153761	-1.474422291	-5.403288026	9.823627859	0.84456201	599.4363007	400.1246382	1.498123943
9.395490785	-1.495912604	-5.445701694	9.89412832	0.844952653	599.6441581	400.133362	1.498610751
9.454903667	-1.517402916	-5.486153291	9.960704639	0.845343295	599.7623189	400.233557	1.498530817
9.520217514	-1.538426047	-5.52932178	10.0330262	0.845725445	599.8759307	400.2817946	1.498634059
9.585767399	-1.55991636	-5.572841879	10.10573952	0.846116088	600.1148759	400.401435	1.49878303
9.644688534	-1.582808214	-5.613748374	10.17229127	0.846532207	600.3883229	400.452428	1.499275022
9.706992888	-1.605700068	-5.656346478	10.24222624	0.846948326	600.6054885	400.5555075	1.499431358
9.766720488	-1.627190381	-5.696955434	10.30911728	0.847338968	600.7166164	400.5418631	1.49975988
9.829782133	-1.649147873	-5.739465003	10.37949809	0.847738103	600.7205008	400.5938449	1.499574965
9.897505541	-1.671105366	-5.784305454	10.45454066	0.848137238	600.8551326	400.6488432	1.499705148
9.967776198	-1.693062859	-5.830419529	10.53213048	0.848536372	600.9878718	400.7737296	1.499569027
10.02879218	-1.715020352	-5.871906264	10.60046563	0.848935507	600.9864983	400.7426628	1.499681851
10.08608071	-1.737445026	-5.911762868	10.66522905	0.849343134	601.1687103	400.7536151	1.500095539
10.14870962	-1.759402519	-5.954056068	10.73517712	0.849742268	601.3493762	400.8445281	1.500206025
10.20767009	-1.781827192	-5.994748642	10.80161249	0.850149895	601.4212706	400.9898629	1.499841583
10.26825333	-1.802850324	-6.035551828	10.86920344	0.850532046	601.4735779	401.0681886	1.499679094
10.3322493	-1.825274998	-6.078762147	10.9406743	0.850939672	601.6231631	401.0671994	1.500055761
10.39696321	-1.84676531	-6.121864261	11.01255165	0.851330315	601.6593719	401.028992	1.500288966
10.46667328	-1.869189984	-6.16793163	11.08973661	0.851737942	601.6556104	401.0377771	1.500246722
10.5277581	-1.890213115	-6.208985607	11.15782914	0.852120092	601.6044219	401.0713193	1.499993624
10.58520399	-1.912637789	-6.248920891	11.22274992	0.852527719	601.8424671	401.1604607	1.500253704
10.65428462	-1.934595282	-6.294439952	11.29914972	0.852926853	601.7625722	401.1853361	1.499961534
10.72736807	-1.956552775	-6.341960423	11.37955233	0.853325988	601.7352656	401.2170459	1.499774927
10.78686947	-1.977575906	-6.382222687	11.44606144	0.853708138	601.627567	401.1406623	1.499792027
10.85153421	-2.00000058	-6.425767395	11.51820107	0.854115765	601.684724	401.0785007	1.500166982
10.91239283	-2.021958073	-6.46717545	11.58637885	0.8545149	601.6091966	401.0529149	1.500074365
10.96783239	-2.043448385	-6.505640389	11.64898185	0.854905542	601.8285707	401.1978706	1.500079175
11.03118909	-2.064938697	-6.548063892	11.71950199	0.855296185	601.6095383	401.1356368	1.499765873
11.09390651	-2.086429009	-6.590167759	11.78938284	0.855686827	601.5861921	401.1281827	1.499735541
11.1548143	-2.108386502	-6.631600402	11.8576098	0.856085962	601.5875771	401.1379454	1.499702494
11.21524018	-2.129876815	-6.672558498	11.92519912	0.856476604	601.6261356	401.2115242	1.499523566
11.28314062	-2.152768669	-6.717954644	12.00073017	0.856892723	601.5093474	401.2129968	1.499226975
11.34471719	-2.174726162	-6.759721675	12.06962591	0.857291858	601.4402809	401.2007516	1.499100584
11.42067244	-2.196683655	-6.808678048	12.15290033	0.857690992	601.4479128	401.1532646	1.499297066
11.48331118	-2.221444232	-6.852377708	12.22379259	0.85814108	601.369545	401.166724	1.499051414
11.5431568	-2.241065821	-6.892111312	12.29017874	0.858497754	601.3873518	401.2031046	1.498959866
11.60697574	-2.262088953	-6.934532346	12.36100539	0.858879904	601.2581307	401.0895939	1.499061905
11.66264151	-2.284046446	-6.973343977	12.42399032	0.859279039	601.2892622	401.1907321	1.498761597
11.72686368	-2.305536758	-7.016200217	12.49537593	0.859669681	601.2483351	401.1366057	1.498861801
11.79216769	-2.32655989	-7.059363789	12.56768765	0.860051831	601.1704039	401.1817216	1.498498988
11.85855354	-2.348050202	-7.103301872	12.64123694	0.860442474	600.8762435	401.0226142	1.498359998
11.92090707	-2.370007695	-7.145457383	12.71090964	0.860841608	600.9538367	401.0386036	1.498493739
11.98444079	-2.390563646	-7.18750222	12.78129534	0.861215266	600.6679158	400.9948036	1.497944388
12.04836791	-2.411586777	-7.229977346	12.85223017	0.861597417	600.7387154	401.0184035	1.498032784
12.10767261	-2.432609909	-7.27014126	12.91854258	0.861979567	600.3678671	400.8844204	1.497608379
12.17041954	-2.45363304	-7.31202629	12.98829722	0.862361717	600.4924993	400.9659564	1.497614672
12.2350351	-2.474188991	-7.354612048	13.05976477	0.862735375	600.1503524	400.8625205	1.49714758
12.29817543	-2.495679303	-7.396927366	13.13006853	0.863126017	600.158032	400.9161773	1.496966363
12.35669333	-2.516235254	-7.436464293	13.19543842	0.863499675	599.9981024	400.7413335	1.497220407
12.41432609	-2.537258386	-7.475792237	13.26007888	0.863881826	599.7783943	400.7088274	1.496793565
12.49438251	-2.558281517	-7.526332015	13.34714302	0.864263976	599.6396086	400.6624835	1.496620306
12.55388391	-2.578837468	-7.566360689	13.4134964	0.864637634	599.2369184	400.5084215	1.496190558
12.62036811	-2.599393419	-7.609880766	13.48683259	0.865011292	599.1145169	400.457582	1.49607485
12.68291834	-2.61994937	-7.651433856	13.5562348	0.86538495	598.8779567	400.3783186	1.495780188
12.74438673	-2.64050532	-7.692446024	13.62455517	0.865758608	598.7576503	400.3385444	1.495628284
12.80693696	-2.660594091	-7.733765523	13.69380165	0.866123773	598.4295105	400.2597735	1.495102806
12.87037233	-2.681617222	-7.775994775	13.76424474	0.866505923	598.292064	400.264809	1.494740608
12.93902022	-2.702173173	-7.820596696	13.83974461	0.866879581	597.9809899	400.1603796	1.494353315
12.99724307	-2.722261943	-7.859752508	13.90466372	0.867244747	597.7594814	400.1064575	1.494001085
13.05753127	-2.742350713	-7.899940989	13.97164817	0.867609913	597.4147859	399.991723	1.493567871
13.12313033	-2.762906664	-7.943018495	14.04409921	0.867983571	597.2789394	399.9368118	1.493433267
13.18518881	-2.782528253	-7.98385853	14.11269822	0.868340244	596.8468277	399.7929386	1.492889869
13.25147631	-2.803084204	-8.027280258	14.18583771	0.868713902	596.8137423	399.7615861	1.49292419
13.31914071	-2.823172974	-8.071156842	14.26019837	0.869079068	596.231714	399.5572917	1.492230843
13.38070744	-2.842327383	-8.111517414	14.32814991	0.869427249	596.0372381	399.4923844	1.491986484
13.44915864	-2.861948973	-8.155553805	14.40314163	0.869783923	595.6378703	399.4306008	1.491217421
13.51023362	-2.882037743	-8.196135683	14.47091287	0.870149089	595.5023705	399.4566092	1.490781118
13.57661948	-2.901659332	-8.239139406	14.54383926	0.870505762	595.1475594	399.3687018	1.490220833
13.63907136	-2.922215283	-8.280643321	14.61314312	0.87087942	594.8296434	399.2427338	1.489894726
13.70339188	-2.940902511	-8.322147193	14.68369271	0.871219109	594.6478708	399.1825529	1.489663981
13.76820414	-2.9605241	-8.364364121	14.75504551	0.871575783	594.1802274	399.0066758	1.489148587
13.8258369	-2.979211328	-8.402524113	14.81890734	0.871915472	594.0899077	398.9868542	1.488996195
13.90363129	-2.996964195	-8.45029774	14.90261935	0.872238176	593.5893167	398.8098696	1.488401772
13.96323103	-3.016118604	-8.489674818	14.9686039	0.872586358	593.3592655	398.7330218	1.488111676
14.02155223	-3.036207374	-8.528879804	15.03362136	0.872951523	592.9639241	398.6214834	1.487536294
14.0865612	-3.055828963	-8.571195081	15.10517085	0.873308197	592.8616423	398.5670654	1.487482769
14.15196356	-3.074049011	-8.613006285	15.17664656	0.873639394	592.3820105	398.4375512	1.486762502
14.21008806	-3.0936706	-8.651879332	15.2413116	0.873996067	591.9751383	398.2714821	1.486360849
14.27617887	-3.112357828	-8.69426835	15.31363148	0.874335756	591.5644282	398.1549027	1.485764521
14.33656541	-3.131979418	-8.734272415	15.38055855	0.87469243	591.4162444	398.1260781	1.485499888
14.3980338	-3.150666646	-8.774350221	15.44825601	0.875032119	591.0522935	398.0253312	1.484961502
14.46117412	-3.169353874	-8.815263997	15.51762541	0.875371808	590.6006264	397.8645725	1.484426278
14.51861018	-3.187573921	-8.85309205	15.58113482	0.875703005	590.1454456	397.7736535	1.483621251
14.59640457	-3.20672833	-8.901566448	15.66531401	0.876051186	589.8026002	397.6996917	1.483035095
14.65570926	-3.225415558	-8.940562411	15.73084778	0.876390875	589.4076952	397.6083767	1.482382489
14.73124162	-3.242701244	-8.98697143	15.81214203	0.876705087	588.9086842	397.4426957	1.481744892
14.78700573	-3.260921291	-9.023963513	15.8739795	0.877036284	588.661963	397.3198073	1.481582222
14.84139296	-3.279141338	-9.06026715	15.93444007	0.877367481	588.2883674	397.1750335	1.48118164
14.91308968	-3.297361386	-9.105225535	16.01221015	0.877698678	588.2183638	397.1206799	1.48120809
14.9778036	-3.315114252	-9.146458926	16.08284168	0.878021383	587.6397905	396.9887942	1.480242765
15.03445286	-3.33380148	-9.184127172	16.14572002	0.878361072	587.4286954	396.9492021	1.479858612
15.09956018	-3.351087166	-9.225323671	16.21658923	0.878675284	586.9557495	396.7818425	1.479290851
15.15945497	-3.369307213	-9.264381092	16.28255737	0.879006481	586.6641703	396.6746104	1.478955685
15.22210355	-3.386592899	-9.304348224	16.35096785	0.879320693	586.1630376	396.5375192	1.47820322
15.28809601	-3.404345766	-9.346220886	16.42287793	0.879643398	586.0270741	396.522643	1.477915787
15.35320332	-3.421631452	-9.387417385	16.49374714	0.87995761	585.3886948	396.3504979	1.47694704
15.41457335	-3.437982776	-9.426278065	16.56056761	0.880254838	584.9618329	396.1577696	1.476588061
15.48627008	-3.455268462	-9.47076927	16.63802623	0.88056905	584.5632015	396.0450525	1.476001778
15.54636157	-3.473021329	-9.50969145	16.70403535	0.880891755	584.3468465	396.0236212	1.475535335
15.61618966	-3.489372654	-9.552781154	16.77931387	0.881188983	583.6368	395.787349	1.474622171
15.67549435	-3.505723978	-9.590609165	16.84406901	0.881486211	583.4035457	395.7195546	1.474285359
15.7430604	-3.520673761	-9.631867081	16.91661832	0.881757962	582.9713714	395.5857815	1.473691418
15.80924956	-3.537025085	-9.673137321	16.98825792	0.88205519	582.6302889	395.4218103	1.473439941
15.8616698	-3.554310771	-9.707990283	17.04644005	0.882369402	582.1554199	395.2731496	1.472792727
15.92313818	-3.570662095	-9.746900138	17.11335888	0.88266663	581.6829607	395.1464362	1.472069358
15.98480326	-3.588882143	-9.786842703	17.18109731	0.882997827	581.3624301	395.0594247	1.471582232
16.04568155	-3.604766287	-9.825223919	17.24727031	0.883286563	581.0156487	394.9137139	1.471247081
16.11177236	-3.622519153	-9.867145756	17.31927874	0.883609268	580.7113087	394.8732392	1.470627156
16.17737142	-3.638870478	-9.908120948	17.39032824	0.883906495	580.2101737	394.7366392	1.469866529
16.24297048	-3.655221802	-9.949096141	17.46137775	0.884203723	579.9166873	394.5984904	1.469637369
16.30424216	-3.671105946	-9.987674055	17.52794415	0.884492459	579.4184793	394.4423781	1.468955953
16.36226832	-3.687457271	-10.0248628	17.59142074	0.884789687	578.9994594	394.3027048	1.468413613
16.42688389	-3.702874234	-10.06487906	17.6611753	0.88506993	578.5400664	394.2009168	1.467627399
16.49720372	-3.718291197	-10.10774746	17.73663412	0.885350174	578.2775561	394.0624804	1.467476821
16.55267279	-3.733240979	-10.14295688	17.79708645	0.885621925	577.8544138	393.8805389	1.467080388
16.61896029	-3.750059485	-10.18450989	17.86898012	0.885927645	577.493482	393.8418523	1.466308059
16.68062538	-3.765476448	-10.22305091	17.93578419	0.886207889	576.9217243	393.6307784	1.465641804
16.74465085	-3.781360592	-10.26300572	18.00510438	0.886496625	576.6256698	393.5827806	1.465068337
16.81556078	-3.795843193	-10.30570198	18.08084184	0.886759884	575.8924118	393.3590953	1.464037361
16.87161994	-3.811727337	-10.34167364	18.14219572	0.887048619	575.7394822	393.2371897	1.464102321
16.93662891	-3.8271443	-10.3818866	18.21234367	0.887328863	575.3505993	393.1376791	1.463483736
16.99622865	-3.842094083	-10.41916137	18.27692668	0.887600614	574.9283309	393.047938	1.462743537
17.06507324	-3.857511046	-10.46129214	18.35091026	0.887880857	574.3368998	392.7696623	1.462274088
17.12506639	-3.871993647	-10.49853002	18.41573093	0.888144116	573.9585297	392.6643549	1.461702654
17.18407603	-3.88694343	-10.53550973	18.47972384	0.888415868	573.6135807	392.5798989	1.461138439
17.25370742	-3.902360393	-10.57803391	18.55449422	0.888696111	573.0608592	392.3448894	1.460604878
17.31478241	-3.917310175	-10.61604629	18.62055247	0.888967862	572.6722951	392.256016	1.459945219
17.38352865	-3.931792777	-10.65766071	18.69412624	0.889231121	572.0872594	392.0712891	1.459140915
17.442735	-3.946275379	-10.69450519	18.75816012	0.88949438	571.6996348	391.9728539	1.458518438
17.50774396	-3.9602908	-10.73401738	18.82784089	0.889749147	571.1433241	391.807495	1.457714136
17.57216283	-3.974773402	-10.77346811	18.89708729	0.890012406	570.894188	391.7043717	1.457461875
17.63756519	-3.989723184	-10.81364419	18.96747292	0.890284158	570.3446723	391.5110788	1.456777862
17.69834513	-4.003738605	-10.85104187	19.03292466	0.890538924	569.9195766	391.3998252	1.456105854
17.76679632	-4.017754026	-10.89227517	19.10604766	0.890793691	569.383346	391.1903907	1.455514654
17.83367392	-4.031769447	-10.93272168	19.17759707	0.891048458	568.9885538	391.0885823	1.454884084
17.89622415	-4.045784868	-10.97100451	19.24481911	0.891303225	568.406424	390.904988	1.454078207
17.95700409	-4.059800289	-11.00840219	19.31027085	0.891557991	568.0538018	390.8382163	1.453424405
18.01906257	-4.07381571	-11.04643914	19.37700114	0.891812758	567.4609592	390.6099931	1.452755867
18.08210455	-4.08736395	-11.08473425	19.4445592	0.892059033	567.0951858	390.4775376	1.452311929
18.14662176	-4.101379371	-11.12400057	19.51374822	0.8923138	566.6155415	390.3077812	1.451714695
18.20828685	-4.114460431	-11.16137364	19.57977366	0.892551582	566.1751952	390.3235911	1.450527737
18.26877174	-4.128943033	-11.19885738	19.64508608	0.892814841	565.8506379	390.1752493	1.450247392
18.33043682	-4.142024092	-11.23623046	19.71111152	0.893052623	565.381467	389.968418	1.449813474
18.39682268	-4.155572333	-11.2761975	19.78201345	0.893298898	564.9634088	389.8489793	1.449185297
18.46488047	-4.169120573	-11.31700052	19.85458733	0.893545172	564.3182777	389.6439746	1.448292068
18.52752905	-4.182668813	-11.35509893	19.92175199	0.893791447	564.069617	389.5817397	1.447885154
18.594505	-4.194815512	-11.39466026	19.99277684	0.894012245	563.5688794	389.3745071	1.447369741
18.65557999	-4.208830933	-11.43220546	20.05852363	0.894267012	563.0989631	389.2177044	1.446745502
18.7288503	-4.221444812	-11.47514756	20.13599857	0.894496302	562.3090529	389.025002	1.445431656
18.7885484	-4.234993052	-11.51177072	20.20021275	0.894742576	562.0373999	388.934369	1.445070029
18.84529601	-4.247606931	-11.54645147	20.26116499	0.894971867	561.5052927	388.8281749	1.444096207
18.91148517	-4.261155171	-11.58632017	20.33187022	0.895218141	561.0743176	388.6236265	1.443747316
18.97600238	-4.27376905	-11.62488572	20.40059207	0.895447431	560.6028569	388.486797	1.443042238
19.03452028	-4.286382929	-11.66045161	20.46331459	0.895676721	560.2014391	388.333241	1.442579156
19.10405332	-4.298996808	-11.70152506	20.53705226	0.895906011	559.5387993	388.1027321	1.441728576
19.16424316	-4.312077868	-11.73816052	20.60160245	0.896143794	559.1518939	387.9731896	1.441212715
19.22335116	-4.324224566	-11.77378786	20.66475935	0.896364592	558.5643283	387.8281034	1.440236856
19.28855682	-4.336371264	-11.81246404	20.73401391	0.89658539	558.034268	387.6210537	1.439638695
19.35395919	-4.348517962	-11.85123857	20.80346517	0.896806187	557.5029943	387.4947314	1.438736966
19.42211533	-4.36066466	-11.89139	20.87567022	0.897026985	556.9669996	387.2760745	1.438165268
19.49568069	-4.372344178	-11.93401244	20.95312875	0.897239291	556.3820832	387.1012624	1.437303717
19.55793587	-4.384490876	-11.97121337	21.01943283	0.897460089	555.844713	386.932096	1.436543308
19.61320824	-4.396637574	-12.00492291	21.0787541	0.897680887	555.6524648	386.8273653	1.436435254
19.68264293	-4.407849911	-12.04524642	21.15192624	0.8978847	554.7176931	386.5160207	1.43517387
19.74617665	-4.419996609	-12.08308663	21.21950886	0.898105498	554.3695335	386.4299205	1.434592675
19.81580804	-4.431676127	-12.12374208	21.29303342	0.898317804	553.8688577	386.3445706	1.43361367
19.87422759	-4.443822825	-12.15902521	21.35550187	0.898538602	553.485415	386.1868033	1.433206444
19.93618772	-4.455502343	-12.19584503	21.42135517	0.898750907	552.9252562	385.9290727	1.43271211
19.99834455	-4.466247499	-12.23229603	21.48709372	0.898946228	552.4953734	385.8361375	1.431943045
20.05725585	-4.477927016	-12.26759144	21.54989819	0.899158534	552.0408506	385.6037439	1.43162731
20.12216647	-4.489139353	-12.30565291	21.61854625	0.899362348	551.5474503	385.4900461	1.430769629
20.18530679	-4.50035169	-12.34282924	21.68542402	0.899566161	550.940233	385.2471563	1.430095522
20.25356129	-4.511096846	-12.38232907	21.75726024	0.899761482	550.468495	385.1107263	1.429377209
20.31640656	-4.522776364	-12.41959146	21.82399869	0.899973788	549.903291	384.911958	1.42864694
20.37895679	-4.533054339	-12.45600557	21.88997491	0.900160617	549.473502	384.829093	1.427837739
20.44190042	-4.544266676	-12.49308355	21.95665598	0.90036443	548.7847588	384.6101249	1.426859885
20.50622094	-4.555479013	-12.53084997	22.02471394	0.900568244	548.2822785	384.4729125	1.426062177
20.56552563	-4.565756988	-12.56564131	22.08744463	0.900755073	547.7218251	384.2758917	1.425334862
20.63584546	-4.576502144	-12.6061738	22.16134618	0.900950394	547.1389498	384.0410339	1.424688774
20.6968221	-4.58678012	-12.64180111	22.22574881	0.901137223	546.762234	383.976352	1.423947676
20.76517495	-4.597992456	-12.6815837	22.2978391	0.901341036	545.8432427	383.6603106	1.422725332
20.82526644	-4.608270432	-12.71676844	22.36135658	0.901527865	545.7506344	383.6398081	1.422559971
20.89686481	-4.618548407	-12.75770661	22.43638095	0.901714694	544.9676988	383.3485486	1.42159844
20.95764475	-4.628359202	-12.79300198	22.50043115	0.901893031	544.5117655	383.2367268	1.420823547
21.01812964	-4.638169997	-12.82814982	22.56418631	0.902071368	543.988683	383.152881	1.419769262
21.09139996	-4.647513611	-12.86945678	22.64057116	0.902241212	543.1449704	382.8917215	1.418534118
21.15758911	-4.658725947	-12.90815753	22.71049776	0.902445026	542.5621266	382.6573662	1.417879739
21.2264337	-4.668069561	-12.94725163	22.78245689	0.90261487	542.1366346	382.5060705	1.417328185
21.28082093	-4.677880356	-12.97935064	22.84011438	0.902793207	541.8771283	382.3889594	1.417083613
21.3368801	-4.688158332	-13.01251921	22.89959954	0.902980036	541.2726332	382.1365281	1.416437826
21.41201905	-4.697501946	-13.0547605	22.97785303	0.903149881	540.6798063	382.0305001	1.415279163
21.47358578	-4.70684556	-13.09021567	23.0425343	0.903319725	540.2217814	381.8675401	1.414683692
21.53466077	-4.716656354	-13.12565856	23.10687956	0.903498062	539.7785397	381.7403629	1.413993887
21.59249023	-4.726467149	-13.15947869	23.16797928	0.903676399	539.1928217	381.5755686	1.413069562
21.65936783	-4.735343582	-13.19735571	23.23781569	0.903837751	538.7009835	381.4019115	1.412423397
21.72054117	-4.744687196	-13.23261418	23.30210357	0.904007595	538.1363308	381.1223589	1.411977855
21.78496003	-4.754497991	-13.26972901	23.3697927	0.904185932	537.7801167	381.0236169	1.411408881
21.85124754	-4.762907244	-13.30707739	23.43888329	0.904338792	536.7884925	380.7342975	1.409876904
21.91497796	-4.772250858	-13.34361441	23.50572825	0.904508637	536.4533269	380.6321226	1.409374814
21.98677303	-4.781127291	-13.38395016	23.58048213	0.904669989	535.6551307	380.3868732	1.408185109
22.04617608	-4.790003724	-13.4180899	23.64284399	0.904831341	535.1473215	380.2276425	1.407439286
22.11393883	-4.798412977	-13.4561759	23.71340982	0.904984201	534.516506	380.0175347	1.40655748
22.16891615	-4.807756591	-13.48833637	23.77150168	0.905154046	534.1460902	379.8533327	1.406190348
22.22743405	-4.816633024	-13.52203354	23.83297839	0.905315398	533.6176047	379.6461519	1.405565688
22.28614865	-4.824107915	-13.55512828	23.89418463	0.905451274	533.1903284	379.5649445	1.404740707
22.34525665	-4.832984349	-13.5891205	23.95625144	0.905612626	532.6445417	379.3835896	1.403973594
22.4042663	-4.841393601	-13.62282995	24.01806417	0.905765486	532.142777	379.2164167	1.403269357
22.46720993	-4.849335673	-13.6582728	24.08365515	0.905909854	531.5215964	379.0091925	1.402397638
22.53075834	-4.857744926	-13.69425163	24.15000665	0.906062714	531.084019	378.8737003	1.401744219
22.59430676	-4.866154179	-13.73023047	24.21635815	0.906215574	530.4162094	378.5800861	1.40106738
22.65785517	-4.874563431	-13.7662093	24.28270965	0.906368434	529.89766	378.4882863	1.400037145
22.72140358	-4.882038322	-13.80172095	24.34874969	0.90650431	529.3028625	378.2905125	1.399196768
22.784952	-4.890447575	-13.83769979	24.41510119	0.90665717	528.7711742	378.1032441	1.398483569
22.84850041	-4.898389647	-13.87344503	24.48129696	0.906801538	528.2690019	377.9255683	1.397812284
22.91204882	-4.906331719	-13.90919027	24.54749273	0.906945906	527.60516	377.6942487	1.39691076
22.97559724	-4.914273791	-13.94493551	24.6136885	0.907090274	527.3323706	377.6132759	1.3964879
23.03914565	-4.922215863	-13.98068076	24.67988427	0.907234642	526.7362913	377.4348248	1.395568868
23.10269406	-4.930157935	-14.016426	24.74608004	0.907379009	526.1539484	377.2307535	1.394780101
23.16624248	-4.938100006	-14.05217124	24.81227581	0.907523377	525.5181355	377.0186518	1.393878348
23.22979089	-4.945574898	-14.08768289	24.87831586	0.907659253	525.0460851	376.9016217	1.393058705
23.2933393	-4.953049789	-14.12319455	24.9443559	0.907795128	524.5741018	376.7544969	1.392349942
23.35688772	-4.96052468	-14.1587062	25.01039594	0.907931004	524.0619925	376.6650078	1.391321152
23.42043613	-4.967532391	-14.19398426	25.07628026	0.908058387	523.6326676	376.4714585	1.390896058
23.48398454	-4.975007282	-14.22949591	25.1423203	0.908194263	523.1475101	376.2997824	1.39024133
23.54753296	-4.982482173	-14.26500757	25.20836035	0.908330139	522.7826988	376.1576086	1.389796954
23.61108137	-4.990424245	-14.30075281	25.27455612	0.908474507	522.0283002	375.9263024	1.388645319
23.67462978	-4.997431955	-14.33603087	25.34044044	0.90860189	521.3991589	375.7670296	1.387559625
23.7381782	-5.004439666	-14.37130893	25.40632475	0.908729273	520.983577	375.6390333	1.386926093
23.80172661	-5.011447376	-14.40658699	25.47220907	0.908856657	520.4747668	375.3784229	1.386533522
23.86527503	-5.018922268	-14.44209865	25.53824911	0.908992532	520.322919	375.378248	1.386129649
23.92882344	-5.025462797	-14.47714312	25.6039777	0.909111424	519.6701833	375.1805014	1.385120446
23.99237185	-5.032470508	-14.51242118	25.66986202	0.909238807	519.4138592	375.0952241	1.384751993
24.05592027	-5.039478219	-14.54769924	25.73574634	0.90936619	518.8123081	374.904828	1.383850698
24.11946868	-5.04695311	-14.58321089	25.80178638	0.909502066	518.4075581	374.8415784	1.383004416
24.18301709	-5.05349364	-14.61825537	25.86751497	0.909620957	518.0206036	374.6615785	1.382636046
24.24656551	-5.060034169	-14.65329984	25.93324356	0.909739848	517.5277263	374.4164001	1.382225047
24.31011392	-5.06704188	-14.6885779	25.99912788	0.909867232	517.429188	374.383636	1.382082811
24.37366233	-5.07404959	-14.72385596	26.0650122	0.909994615	516.9734858	374.2415283	1.381389949
24.43721075	-5.08059012	-14.75890043	26.13074079	0.910113506	516.5597002	374.1546147	1.380604915
24.50075916	-5.086663469	-14.79371131	26.19631365	0.910223905	516.00317	373.9281287	1.379952805
24.56430757	-5.09367118	-14.82898938	26.26219797	0.910351289	515.7978672	373.9205024	1.379431895
24.62785599	-5.10067889	-14.86426744	26.32808228	0.910478672	515.4474095	373.8142142	1.378886596
24.6914044	-5.106752239	-14.89907832	26.39365515	0.910589071	515.2065474	373.6731188	1.378762671
24.75495281	-5.11375995	-14.93435638	26.45953946	0.910716454	514.8688189	373.5809486	1.37819881
24.81850123	-5.119833299	-14.96916726	26.52511233	0.910826853	514.6798331	373.5584374	1.377775956
24.88204964	-5.12684101	-15.00444533	26.59099664	0.910954237	514.2629537	373.4193956	1.377172583
24.94559806	-5.133381539	-15.0394898	26.65672523	0.911073128	513.809029	373.2679233	1.376515358
25.00914647	-5.139454888	-15.07430068	26.7222981	0.911183527	513.2658131	373.0263714	1.375950476
25.07269488	-5.146462599	-15.10957874	26.78818242	0.91131091	513.1497016	372.9774645	1.375819588
25.1362433	-5.152068767	-15.14415603	26.85359955	0.911412817	512.5826432	372.8691671	1.374698389
25.19979171	-5.159076478	-15.17943409	26.91948387	0.9115402	512.1917119	372.6986186	1.374278536
25.26334012	-5.165617008	-15.21447857	26.98521246	0.911659091	511.9855199	372.649966	1.373904647
25.32688854	-5.171690357	-15.24928945	27.05078532	0.91176949	511.5336664	372.4998401	1.373245331
25.39043695	-5.178230887	-15.28433392	27.11651391	0.911888382	511.2617873	372.3786868	1.372962002
25.45398536	-5.184304236	-15.3191448	27.18208677	0.911998781	510.8488407	372.2808659	1.372213529
25.51753378	-5.190844766	-15.35418927	27.24781537	0.912117672	510.6544431	372.1555047	1.372153405
25.58108219	-5.196918115	-15.38900015	27.31338823	0.912228071	510.1633369	371.9613576	1.371549292
25.6446306	-5.203925825	-15.42427821	27.37927255	0.912355454	510.0698069	372.031391	1.371039701
25.70817902	-5.210466355	-15.45932269	27.44500114	0.912474345	509.7058369	371.8901536	1.370581694
25.77172743	-5.216539704	-15.49413357	27.510574	0.912584744	509.3051643	371.7461471	1.370034816
25.83527584	-5.222613053	-15.52894445	27.57614686	0.912695143	509.0854786	371.7240155	1.369525393
25.89882426	-5.229153583	-15.56398892	27.64187545	0.912814034	508.8243769	371.6262866	1.369182954
25.96237267	-5.235226932	-15.5987998	27.70744832	0.912924433	508.6168451	371.5886204	1.368763243
26.02592108	-5.241767462	-15.63384427	27.77317691	0.913043324	508.2776705	371.4146722	1.368491093
26.0894695	-5.24737363	-15.66842156	27.83859404	0.913145231	507.9943654	371.2994211	1.368152861
26.15301791	-5.254381341	-15.70369963	27.90447836	0.913272615	507.7941305	371.3138082	1.36756059
