eps1        epsv      eps3             epsq       Void ratio    q           p          eta = q/p  
[%]         [%]       [%]              [%]        [%]           [kPa]       [kPa]      [-]

0	0	0	0	0.799326128	0.94	392.41	0.00
0.003203823	0.003288654	4.24157E-05	0.002107605	0.799266954	4.172562541	393.4719532	0.010604473
0.007818985	0.00845654	0.000318777	0.005000139	0.799173967	14.40873847	396.9858778	0.036295343
0.019262732	0.015503657	-0.001879538	0.014094847	0.799047167	28.07346565	401.5203809	0.06991791
0.03977201	0.025839428	-0.006966291	0.031158867	0.798861192	45.45811835	407.2641681	0.111618261
0.059591071	0.036645007	-0.011473032	0.047376069	0.798666765	63.87474655	413.4029622	0.154509649
0.084931861	0.053558087	-0.015686887	0.067079166	0.798362443	85.42559781	420.6270633	0.203091064
0.11323072	0.079397514	-0.016916603	0.086764882	0.797897508	120.2625845	432.2597982	0.278218296
0.154545082	0.105236942	-0.02465407	0.119466101	0.797432572	154.5578402	443.7424831	0.348305258
0.194577614	0.130606562	-0.031985526	0.151042093	0.79697609	187.2138418	454.6274069	0.411796207
0.229384225	0.157385606	-0.03599931	0.176922356	0.796494248	219.3931881	465.3438167	0.471464711
0.274051065	0.18181561	-0.046117727	0.213445861	0.796054672	249.6103362	475.4362774	0.525013231
0.318717905	0.206715422	-0.056001241	0.249812764	0.795606643	278.8282301	485.1246424	0.574755858
0.356581186	0.229736003	-0.063422591	0.280002518	0.795192428	306.706896	494.447894	0.620301754
0.407952982	0.252286777	-0.077833103	0.32385739	0.794786666	333.4411232	503.3894201	0.662391997
0.455479289	0.273428127	-0.091025581	0.36433658	0.794406264	359.1557092	511.7684857	0.701793329
0.502413981	0.294099669	-0.104157156	0.404380758	0.794034316	383.717845	519.7941743	0.73821113
0.5547718	0.313831596	-0.120470102	0.450161269	0.793679274	407.1778983	527.6749181	0.771645353
0.593325298	0.332154099	-0.1305856	0.482607265	0.793349593	429.6387444	535.2123898	0.802744392
0.644401287	0.350006794	-0.147197246	0.527732356	0.793028364	451.5759768	542.5652846	0.832297955
0.693308026	0.366919874	-0.163194076	0.571001401	0.792724043	472.3916957	549.5345486	0.859621469
0.73856648	0.382893339	-0.17783657	0.610935367	0.792436628	492.5500894	556.2234861	0.885525516
0.788163434	0.398866803	-0.194648316	0.655207833	0.792149213	511.8401369	562.673498	0.909657446
0.835295332	0.413430844	-0.210932244	0.69748505	0.791887159	530.3647783	568.8991474	0.932265026
0.884497877	0.42705527	-0.228721304	0.742146121	0.791642011	548.4311422	574.9617527	0.953856739
0.932221388	0.43974008	-0.246240654	0.785641362	0.79141377	565.6039367	580.6655296	0.9740615
0.97955049	0.451485274	-0.264032608	0.829055399	0.791202436	582.4079224	586.2568191	0.993434794
1.034767776	0.462290853	-0.286238461	0.880670825	0.791008008	598.3643086	591.5452515	1.011527532
1.07746257	0.472156817	-0.302652877	0.920076964	0.790830487	613.772899	596.6815303	1.028644038
1.123904251	0.481083165	-0.321410543	0.963543197	0.790669873	628.5111796	601.5635175	1.044796038
1.180304764	0.489069897	-0.345617434	1.017281466	0.790526166	642.738884	606.2451137	1.060196395
1.219844285	0.497056629	-0.361393828	1.054158742	0.790382458	656.5355709	610.6015973	1.075227405
1.268356615	0.504573553	-0.381891531	1.10016543	0.790247204	670.0326219	615.1714613	1.089180276
1.319235399	0.51162067	-0.403807365	1.148695176	0.790120404	683.3727494	619.6788965	1.102785254
1.368043536	0.518197979	-0.424922778	1.195310876	0.790002056	696.1335538	623.9324159	1.115719485
1.418823718	0.52430548	-0.447259119	1.244055224	0.789892163	708.4884954	628.0809288	1.128021029
1.469702502	0.529473366	-0.470114568	1.293211381	0.789799175	720.5982133	632.1480284	1.139920052
1.521172901	0.533701636	-0.493735633	1.343272356	0.789723095	732.4338557	636.1441756	1.151364555
1.567713184	0.537929906	-0.514891639	1.388403216	0.789647015	744.1946273	640.1048348	1.162613664
1.620268208	0.542158176	-0.539055016	1.439548816	0.789570934	755.0205008	643.7030923	1.172932847
1.674696675	0.544977022	-0.564859826	1.493037668	0.789520214	766.0105335	647.3970455	1.183215986
1.72774471	0.546856253	-0.590444228	1.545459292	0.789486401	776.5158829	650.9292736	1.192934339
1.77625704	0.548265677	-0.613995682	1.593501814	0.78946104	786.7668774	654.2652218	1.20251979
1.823783346	0.5496751	-0.637054123	1.640558313	0.78943568	796.5398518	657.5430399	1.211388158
1.870619437	0.550614716	-0.660002361	1.687081198	0.789418774	806.0798617	660.7125942	1.220015887
1.919624778	0.549205292	-0.685209743	1.736556347	0.789444134	815.7734362	664.0152887	1.228546165
1.970109153	0.548735485	-0.710686834	1.787197325	0.789452587	824.5767816	666.6255372	1.236941485
2.010437492	0.547795869	-0.731320812	1.827838869	0.789469494	833.4529859	669.584108	1.244732329
2.063682732	0.546386446	-0.758648143	1.881553917	0.789494854	842.1813913	672.5239394	1.252269759
2.117223778	0.543567599	-0.78682809	1.936034579	0.789545574	850.5853213	675.3963424	1.259386923
2.165933312	0.539809137	-0.813062088	1.985996934	0.789613201	859.1630799	678.2457203	1.266743091
2.21907995	0.536050675	-0.841514638	2.040396392	0.789680828	866.9935298	680.8654993	1.273369749
2.262957971	0.530882789	-0.866037591	2.085997042	0.789773815	875.0843172	683.6029944	1.280106033
2.320245905	0.525714903	-0.897265501	2.145007604	0.789866802	882.8460969	686.2614293	1.286457404
2.369744258	0.52007721	-0.924833524	2.196385188	0.789968243	890.2907198	688.6924473	1.292726127
2.420130031	0.513969709	-0.953080161	2.248806794	0.790078137	897.4154566	691.1182105	1.298497772
2.468740963	0.5073924	-0.980674281	2.299610163	0.790196484	904.6430924	693.4968135	1.304466113
2.510844143	0.501754707	-1.004544718	2.343592574	0.790297925	911.7824136	695.9173992	1.310187696
2.556891415	0.496117013	-1.030387201	2.391519077	0.790399365	918.5542285	698.1847918	1.315631963
2.61851785	0.49047932	-1.064019265	2.455024743	0.790500806	925.4683199	700.519934	1.321116324
2.667523191	0.484371819	-1.091575686	2.506065918	0.790610699	931.8931091	702.6514094	1.326252387
2.709231962	0.478264318	-1.115483822	2.549810523	0.790720593	938.1572947	704.4359232	1.33178514
2.766618498	0.471687009	-1.147465745	2.609389495	0.79083894	944.3325905	706.6156432	1.336416197
2.818483306	0.465579508	-1.176451899	2.663290136	0.790948834	950.3098655	708.6690402	1.340978386
2.870939727	0.459002199	-1.205968764	2.717938994	0.791067182	956.4423647	710.7538546	1.345673131
2.917973022	0.451485274	-1.233243874	2.76747793	0.791202436	962.1909206	712.6899539	1.350083462
2.959188781	0.444438158	-1.257375312	2.811042729	0.791329236	968.2176656	714.7188649	1.354683237
3.018350159	0.436451426	-1.290949367	2.87286635	0.791472944	973.6038129	716.4934313	1.358845413
3.062918397	0.428934501	-1.316991948	2.91994023	0.791608198	979.430097	718.496744	1.363165672
3.111332124	0.420477961	-1.345427081	2.971172803	0.791760358	984.5101495	720.0692988	1.367243613
3.164478761	0.412491229	-1.375993766	3.026981685	0.791904066	989.441326	721.5816153	1.371211939
3.213286898	0.404034689	-1.404626104	3.078608668	0.792056226	994.652031	723.267338	1.375220446
3.263081057	0.395108341	-1.433986358	3.131378276	0.79221684	999.6193611	724.9739657	1.378834839
3.318594149	0.385712186	-1.466440982	3.190023421	0.792385908	1004.909853	726.8087201	1.382633182
3.373811435	0.37631603	-1.498747702	3.248372758	0.792554975	1009.678894	728.4082754	1.386144184
3.426563663	0.366919874	-1.529821894	3.304257038	0.792724043	1014.466716	730.075309	1.389537084
3.47408997	0.357053911	-1.558518029	3.355071999	0.792901564	1018.954032	731.6316431	1.392714547
3.525461766	0.347187948	-1.589136909	3.40973245	0.793079085	1023.591132	733.1571009	1.396141605
3.574467107	0.335912561	-1.619277273	3.462496253	0.793281966	1028.232384	734.6841891	1.399556979
3.625050084	0.322757943	-1.651146071	3.517464103	0.79351866	1032.413871	736.087893	1.402568743
3.687761145	0.314301403	-1.686729871	3.58299401	0.793670821	1036.948664	737.6706658	1.405706791
3.735484656	0.303495824	-1.715994416	3.634319381	0.793865248	1041.074536	739.0255505	1.408712508
3.787546668	0.292690246	-1.747428211	3.689983253	0.794059676	1045.392465	740.505672	1.411727829
3.838031043	0.280475243	-1.7787779	3.744539295	0.794279464	1049.192711	741.7823778	1.414421187
3.887627998	0.269669664	-1.808979167	3.79773811	0.794473891	1053.25641	743.1266591	1.417330945
3.939295601	0.257454662	-1.840920469	3.85347738	0.794693679	1056.714697	743.9961153	1.420322869
3.993033852	0.24523966	-1.873897096	3.911287299	0.794913467	1060.437786	745.2879141	1.422856545
4.040954568	0.233494466	-1.903730051	3.963123079	0.795124801	1064.322121	746.6434182	1.425475796
4.08700184	0.220809656	-1.933096092	4.013398621	0.795353042	1067.992346	747.8767838	1.428032491
4.153656992	0.209064461	-1.972296265	4.083968838	0.795564377	1071.559044	749.156772	1.430353544
4.203253947	0.195909843	-2.003672052	4.137950665	0.795801071	1075.05153	750.371867	1.432691679
4.256301982	0.183225033	-2.036538474	4.195226971	0.796029312	1078.553627	751.5292756	1.435145192
4.303138072	0.170070416	-2.066533828	4.246447934	0.796266007	1082.188247	752.7003318	1.437741159
4.35372105	0.157855413	-2.097932818	4.301102579	0.796485794	1085.493755	753.8321208	1.439967501
4.403909618	0.14376118	-2.130074219	4.355989225	0.796739396	1088.87536	754.9693612	1.442277549
4.449266674	0.130606562	-2.159330056	4.405731154	0.79697609	1092.12304	756.1339552	1.444351271
4.499356641	0.116982137	-2.191187252	4.460362595	0.797221238	1095.30672	757.1344561	1.446647569
4.551813062	0.103357711	-2.224227675	4.517360492	0.797466386	1098.094624	758.1247293	1.448435306
4.600423994	0.089733286	-2.255345354	4.570512898	0.797711534	1101.164485	759.0667203	1.450682075
4.660965803	0.075639052	-2.292663376	4.635752786	0.797965135	1104.328341	760.2025529	1.452676443
4.712436202	0.061544819	-2.325445691	4.691921262	0.798218736	1106.696701	760.7390635	1.454765181
4.75789186	0.047450586	-2.355220637	4.742074998	0.798472337	1109.372795	761.5799157	1.456672861
4.806798599	0.032886544	-2.386956027	4.795836417	0.798734392	1112.144328	762.625786	1.458309368
4.857578781	0.018792311	-2.419393235	4.851314677	0.798987993	1115.087865	763.6676909	1.460174207
4.914077896	0.004698078	-2.454689909	4.91251187	0.799241594	1117.621671	764.522496	1.461855834
4.968506364	-0.009865963	-2.489186163	4.971795018	0.799503649	1120.145819	765.3439647	1.463584833
5.020075364	-0.024899812	-2.522487588	5.028375302	0.799774157	1123.175724	766.3845419	1.46555112
5.066517046	-0.039933661	-2.553225353	5.079828266	0.800044665	1125.659581	767.2325723	1.467168655
5.118184648	-0.055437318	-2.586810983	5.136663754	0.800323626	1128.07213	768.0565873	1.468735701
5.169063433	-0.070940974	-2.620002204	5.192710425	0.800602588	1130.033093	768.7104877	1.470037304
5.222407275	-0.086914439	-2.654660857	5.251378755	0.800890002	1132.67643	769.561073	1.471847355
5.276342731	-0.101948288	-2.689145509	5.310325493	0.80116051	1135.150559	770.4465907	1.47336697
5.326235492	-0.117451944	-2.721843718	5.365386141	0.801439472	1137.231642	771.1502419	1.474721241
5.374747822	-0.132485793	-2.753616808	5.418909753	0.80170998	1139.810498	771.9897828	1.47645801
5.427204243	-0.14798945	-2.787596847	5.47653406	0.801988941	1141.853045	772.7013227	1.477741802
5.485182393	-0.163962914	-2.824572654	5.539836698	0.802276356	1143.915358	773.1865864	1.479481639
5.533793325	-0.179936379	-2.856864852	5.593772118	0.80256377	1145.249799	773.570428	1.480472569
5.581023825	-0.195909843	-2.888466834	5.646327106	0.802851185	1147.602447	774.4459791	1.481836665
5.63624111	-0.210943692	-2.923592401	5.706555674	0.803121693	1149.673592	775.1263218	1.48320804
5.688993338	-0.227386964	-2.958190151	5.764788993	0.803417561	1151.706872	775.8236678	1.484495666
5.73543502	-0.243830237	-2.989632628	5.816711765	0.803713429	1153.741958	776.5734508	1.48568298
5.792229942	-0.260273509	-3.026251725	5.878987778	0.804009297	1155.479766	777.193286	1.486734107
5.843207329	-0.276246973	-3.059727151	5.935289653	0.804296712	1157.64807	777.9967761	1.487985691
5.892015465	-0.292690246	-3.092352855	5.98957888	0.80459258	1159.238665	778.5165255	1.489035399
5.945260705	-0.309603326	-3.127432015	6.048461813	0.804896902	1161.003937	779.0749965	1.490233858
5.998210138	-0.326046598	-3.162128368	6.106892337	0.80519277	1162.798525	779.6938445	1.491352707
6.050074945	-0.34248987	-3.196282408	6.164238235	0.805488638	1164.460486	780.2879053	1.49234722
6.100164912	-0.359872758	-3.230018835	6.220122497	0.805801413	1166.29642	780.9101682	1.493509071
6.152818537	-0.377725453	-3.265271995	6.278727022	0.806122641	1167.522278	781.3690648	1.494200796
6.201133662	-0.394638533	-3.297886098	6.33267984	0.806426962	1169.474004	782.0499209	1.495395591
6.25043481	-0.411551613	-3.330993212	6.387618681	0.806731284	1170.746735	782.3635718	1.496422862
6.294017025	-0.427994886	-3.361005955	6.436681987	0.807027152	1171.85716	782.5620664	1.49746226
6.3445014	-0.445377773	-3.394939587	6.492960658	0.807339927	1173.60135	783.1634591	1.498539464
6.400901913	-0.461821046	-3.43136148	6.554842262	0.807635795	1174.735253	783.6325156	1.49908947
6.449907254	-0.479673741	-3.464790498	6.609798501	0.807957023	1176.556887	784.1885479	1.500349488
6.504138517	-0.497056629	-3.500597573	6.66982406	0.808269798	1177.795529	784.6626466	1.501021533
6.554327086	-0.513969709	-3.534148397	6.725650322	0.808574119	1179.347227	785.2107345	1.501949955
6.60303662	-0.531822405	-3.567429512	6.780310754	0.808895348	1180.667831	785.6713416	1.502750283
6.660916167	-0.549205292	-3.60506073	6.843984598	0.809208122	1181.804492	786.0399436	1.50349165
6.707160644	-0.567057988	-3.637109316	6.896179973	0.809529351	1183.292012	786.5667207	1.504375892
6.752221893	-0.584440876	-3.668331384	6.947035518	0.809842125	1184.373988	786.9272973	1.505061512
6.812566498	-0.601823763	-3.707195131	7.013174419	0.8101549	1185.682379	787.4241536	1.505773443
6.862656464	-0.620146267	-3.741401366	7.069371887	0.810484582	1186.89565	787.7675232	1.506657249
6.906830293	-0.637998962	-3.772414628	7.119496614	0.81080581	1188.210779	788.2364268	1.50742942
6.968456728	-0.65538185	-3.811919289	7.186917344	0.811118585	1189.188667	788.6434392	1.507891409
7.012531954	-0.673234546	-3.84288325	7.236943469	0.811439813	1190.28901	789.0103842	1.50858472
7.063607943	-0.691557049	-3.877582496	7.294126959	0.811769495	1190.847015	788.932994	1.509439996
7.116951785	-0.708939937	-3.912945861	7.353265097	0.81208227	1191.64264	789.2488895	1.509843924
7.157082919	-0.727732248	-3.942407584	7.399660335	0.812420405	1193.197036	789.7874273	1.510782515
7.207271488	-0.745584943	-3.976428216	7.455799802	0.812741633	1194.023025	790.072878	1.511282134
7.269785343	-0.764377255	-4.017081299	7.524577761	0.813079768	1194.980462	790.4429565	1.511785831
7.329932744	-0.781290335	-4.055611539	7.590362855	0.813384089	1195.824422	790.7346436	1.512295473
7.378050664	-0.799612838	-4.088831751	7.644588277	0.813713771	1196.757822	790.994926	1.512977875
7.425774175	-0.817935341	-4.121854758	7.698419289	0.814043452	1197.833909	791.4549957	1.513458018
7.478329199	-0.836727652	-4.157528426	7.757238416	0.814381587	1198.583407	791.6743832	1.513985335
7.533940894	-0.855050156	-4.194495525	7.818957612	0.814711269	1199.622303	792.071943	1.514537049
7.587186133	-0.873372659	-4.230279396	7.878310353	0.815040951	1200.22438	792.2726354	1.514913335
7.639741157	-0.893104586	-4.266422871	7.937442685	0.815395992	1201.188262	792.6042143	1.515495679
7.693873817	-0.91330632	-4.303590069	7.998309257	0.815759487	1201.79862	792.8479871	1.515799548
7.744653999	-0.931628823	-4.338141411	8.055196941	0.816089169	1202.496183	792.978888	1.516429001
7.79020826	-0.950890942	-4.370549601	8.107171908	0.816435757	1203.596326	793.4373475	1.51693934
7.838523385	-0.971092677	-4.404808031	8.162220944	0.816799252	1203.489107	793.0374158	1.517569138
7.89886799	-0.988945372	-4.443906681	8.228516447	0.817120481	1204.107982	793.3249212	1.517799264
7.953296457	-1.008677299	-4.480986878	8.289522224	0.817475522	1204.687067	793.5783476	1.518044274
8.001019968	-1.024650763	-4.512835366	8.342570223	0.817762937	1205.512321	793.9551344	1.518363279
8.049729502	-1.042503459	-4.546116481	8.397230655	0.818084165	1206.346412	794.2427118	1.518863685
8.11234196	-1.060356155	-4.586349057	8.465794012	0.818405393	1206.557553	794.3840209	1.518859293
8.158389232	-1.078678658	-4.618533945	8.517948785	0.818735075	1207.80881	794.8319618	1.519577557
8.204337902	-1.096061546	-4.650199724	8.569691751	0.81904785	1208.217795	794.98845	1.519792891
8.255512494	-1.115793472	-4.685652983	8.627443651	0.819402892	1209.080911	795.2759912	1.520328696
8.307673108	-1.134115976	-4.720894542	8.685711767	0.819732573	1209.232567	795.3265434	1.520422746
8.355692426	-1.152908287	-4.754300356	8.739995188	0.820070708	1210.00659	795.594672	1.520883224
8.403317335	-1.17123079	-4.787274062	8.793727598	0.82040039	1210.582745	795.8582266	1.521103514
8.456463972	-1.190023101	-4.823243537	8.853138339	0.820738525	1210.826088	795.9793331	1.521177797
8.509413405	-1.207875797	-4.858644601	8.912038671	0.821059753	1211.494623	796.1821819	1.521629911
8.557432723	-1.226668108	-4.892050415	8.966322092	0.821397888	1212.12353	796.4123057	1.521979911
8.612847213	-1.245930227	-4.92938872	9.028157289	0.821744476	1212.120229	796.0765562	1.522617667
8.663627396	-1.264722538	-4.964174967	9.085201575	0.822082611	1211.839675	796.0038543	1.52240428
8.720225113	-1.283514849	-5.001869981	9.148063396	0.822420746	1212.304382	796.2095256	1.522594672
8.771991319	-1.301837352	-5.036914335	9.205937103	0.822750428	1212.974061	796.4733181	1.522931194
8.823067308	-1.320629663	-5.071848486	9.263277196	0.823088563	1213.234356	796.6105241	1.522995642
8.871875444	-1.339421975	-5.105648709	9.318349436	0.823426698	1213.820008	796.9174823	1.523143907
8.925613695	-1.359623709	-5.142618702	9.378821598	0.823790193	1213.865376	796.9326871	1.523171776
8.971562365	-1.378885828	-5.175224096	9.431190974	0.824136781	1214.411912	797.0947056	1.523547833
9.025497821	-1.398147947	-5.211822884	9.491547136	0.824483369	1214.440496	797.1647958	1.523449734
9.08002489	-1.41647045	-5.24824767	9.552181707	0.824813051	1214.789657	797.2711435	1.523684466
9.132678516	-1.434323146	-5.283500831	9.610786231	0.825134279	1215.122367	797.4018789	1.523851898
9.179120198	-1.454055072	-5.316587635	9.663805222	0.825489321	1215.287041	797.4872154	1.523895327
9.235599593	-1.473317191	-5.354458392	9.726705323	0.825835909	1215.889107	797.7179389	1.524209307
9.284269686	-1.491169887	-5.387719786	9.781326315	0.826157137	1215.771623	797.6786956	1.524137011
9.335237212	-1.50949239	-5.422364801	9.838401342	0.826486819	1216.296689	797.9150996	1.524343492
9.388137344	-1.529694125	-5.458915734	9.898035386	0.826850314	1215.865874	797.5795237	1.524444696
9.43178858	-1.54754682	-5.4896677	9.94763752	0.827171542	1215.858381	797.4654489	1.524653366
9.489096235	-1.566339131	-5.527717683	10.01120928	0.827509677	1215.971956	797.5134282	1.524704052
9.539915858	-1.584661635	-5.562288746	10.0681364	0.827839359	1215.928446	797.590506	1.524502156
9.587333702	-1.603923754	-5.595628728	10.12197495	0.828185947	1216.437695	797.7702947	1.524796929
9.639730962	-1.621306641	-5.630518802	10.18016651	0.828498722	1216.60751	797.9279457	1.524708486
9.698902199	-1.64056876	-5.66973548	10.24575845	0.82884531	1216.932703	798.1078463	1.524772258
9.747868099	-1.659361071	-5.703614585	10.30098846	0.829183445	1216.701113	798.0413446	1.524609121
9.798973669	-1.677683575	-5.738328622	10.35820153	0.829513127	1216.985782	798.1256212	1.524804804
9.849418604	-1.696475886	-5.772947245	10.41491057	0.829851262	1217.069901	798.0920329	1.524974377
9.903048392	-1.715268197	-5.809158295	10.47480446	0.830189397	1216.930093	798.0765312	1.524828817
9.946492564	-1.734060508	-5.840276536	10.52451273	0.830527532	1217.196483	798.2063039	1.524914645
9.994127333	-1.752383011	-5.873255172	10.578255	0.830857213	1217.365795	798.3032253	1.524941597
10.05079407	-1.771175322	-5.910984697	10.64118585	0.831195348	1217.361248	798.3221978	1.524899661
10.10558737	-1.789967634	-5.947777501	10.70224325	0.831533483	1217.111988	798.259435	1.5247073
10.15931576	-1.809229752	-5.984272756	10.76239234	0.831880072	1217.094615	798.1929999	1.524812439
10.21186092	-1.828022064	-6.019941493	10.82120161	0.832218207	1216.404346	797.7405762	1.524811927
10.25848009	-1.846814375	-6.052647231	10.87408488	0.832556342	1216.3308	797.756135	1.524689998
10.31178449	-1.865606686	-6.088695587	10.93365338	0.832894477	1216.322167	797.8129172	1.524570661
10.36458602	-1.883929189	-6.124257604	10.99256241	0.833224158	1216.123988	797.8492157	1.524252909
10.42642938	-1.9027215	-6.164575439	11.06066988	0.833562293	1216.086568	797.9181202	1.524074384
10.48117337	-1.921044004	-6.201108688	11.12152137	0.833891975	1216.01611	797.8233774	1.524167058
10.52499223	-1.939836315	-6.232414274	11.17160434	0.83423011	1215.998406	797.8376361	1.524117629
10.58518893	-1.959098434	-6.272143684	11.23822175	0.834576698	1215.840624	797.826018	1.523942058
10.63449008	-1.977420937	-6.30595551	11.29363039	0.83490638	1215.707756	797.7813188	1.523860897
10.68116841	-1.996213248	-6.338690829	11.34657283	0.835244515	1215.581984	797.6580987	1.523938622
10.73565604	-2.014535751	-6.375095895	11.40716795	0.835574196	1215.288171	797.6518241	1.523582263
10.78176247	-2.032858255	-6.407310363	11.45938189	0.835903878	1215.551442	797.7802292	1.523667043
10.83691074	-2.051650566	-6.44428065	11.52079426	0.836242013	1215.174815	797.7052097	1.523338196
10.8842497	-2.070912685	-6.477581191	11.57455393	0.836588601	1215.097794	797.7404259	1.523174399
10.93052375	-2.090174804	-6.510349279	11.62724869	0.836935189	1215.18941	797.7206877	1.523326935
10.99087822	-2.108497307	-6.549687763	11.69371066	0.837264871	1214.103849	796.994396	1.523353056
11.04186547	-2.127289618	-6.584577543	11.75096201	0.837603006	1213.980588	797.084636	1.523025954
11.08576321	-2.145612121	-6.615687665	11.80096725	0.837932688	1213.671769	797.0323014	1.522738498
11.15439041	-2.163934625	-6.659162516	11.87570195	0.838262369	1213.399964	796.9518208	1.522551217
11.2082174	-2.18178732	-6.69500236	11.93547984	0.838583597	1213.092232	796.9103793	1.522244236
11.25275606	-2.200579631	-6.726667844	11.9862826	0.838921732	1212.921653	796.9248588	1.522002533
11.30360526	-2.218902135	-6.761253698	12.04323931	0.839251414	1213.088003	796.9897737	1.522087288
11.35704771	-2.23675483	-6.796901268	12.10263265	0.839572642	1212.739245	796.8533611	1.521910184
11.40329218	-2.255077334	-6.829184758	12.15498463	0.839902324	1212.680648	796.8440317	1.521854466
11.45091709	-2.273869645	-6.862393368	12.20887364	0.840240459	1212.113566	796.6655352	1.521483624
11.50909245	-2.29172234	-6.900407393	12.27299989	0.840561687	1211.917807	796.6410945	1.521284573
11.56588737	-2.309105228	-6.937496298	12.33558911	0.840874462	1211.613962	796.5495238	1.521078007
11.61301926	-2.327897539	-6.970458402	12.38898511	0.841212597	1211.403192	796.4283341	1.52104482
11.66577149	-2.34668985	-7.006230672	12.44800144	0.841550732	1211.136635	796.3391538	1.520880431
11.71862232	-2.365012354	-7.041817339	12.50695977	0.841880413	1210.786059	796.2328259	1.520643233
11.7691067	-2.382865049	-7.075985874	12.56339505	0.842201641	1210.21058	795.7777718	1.520789627
11.82156312	-2.40165736	-7.11161024	12.62211557	0.842539776	1209.422019	795.6673071	1.520009693
11.87056846	-2.419040248	-7.144804355	12.67691521	0.842852551	1209.199593	795.644016	1.519774634
11.92115144	-2.436892944	-7.179022191	12.73344909	0.84317378	1209.145628	795.6561445	1.519683642
11.97459388	-2.454745639	-7.214669761	12.79284243	0.843495008	1208.811678	795.5648241	1.519438318
12.02813493	-2.473068143	-7.250601536	12.85249098	0.843824689	1208.709771	795.5619561	1.519315701
12.07694307	-2.490920838	-7.283931952	12.90725001	0.844145918	1208.263984	795.4224152	1.519021793
12.12417357	-2.509243341	-7.316708454	12.96058801	0.844475599	1208.247207	795.4986931	1.51885505
12.17357332	-2.527565845	-7.35056958	13.01609526	0.844805281	1207.765069	795.3481013	1.518536433
12.24022847	-2.545888348	-7.393058408	13.08885792	0.845134962	1207.132149	795.1472491	1.518124034
12.28923381	-2.563271236	-7.426252522	13.14365755	0.845447737	1206.730888	795.0342293	1.517835136
12.3361685	-2.581123931	-7.458646217	13.19654315	0.845768965	1206.373878	794.93555	1.517574447
12.38813191	-2.598976627	-7.493554269	13.25445745	0.846090194	1206.553792	794.9746235	1.517726172
12.43940511	-2.615889707	-7.527647406	13.31136834	0.846394515	1205.757164	794.7600138	1.517133655
12.49324196	-2.63421221	-7.563727085	13.3713127	0.846724197	1205.492813	794.6825916	1.516948811
12.54490956	-2.652534714	-7.598722138	13.4290878	0.847053878	1204.587611	794.0460445	1.517024886
12.59529533	-2.670387409	-7.632841372	13.48542447	0.847375106	1203.943426	793.9335105	1.51642853
12.65327348	-2.687770297	-7.670521891	13.54919692	0.847687881	1203.653233	793.8668965	1.516190231
12.70178581	-2.705153185	-7.7034695	13.60350354	0.848000656	1203.212374	793.7099862	1.515934528
12.7440862	-2.72300588	-7.73354604	13.65175483	0.848321884	1203.282287	793.8650278	1.515726534
12.79851467	-2.740388768	-7.769451717	13.71197759	0.848634659	1202.478965	793.5464028	1.51532281
12.8513655	-2.757301848	-7.804333672	13.77046611	0.848938981	1202.111757	793.4343671	1.515073971
12.90401912	-2.774214928	-7.839117025	13.82875743	0.849243302	1201.639221	793.2872221	1.51475933
12.95844759	-2.791597816	-7.875022703	13.8889802	0.849556077	1201.243719	793.2154581	1.514397768
13.00814315	-2.808980704	-7.908561925	13.94447005	0.849868852	1200.891525	793.1390358	1.514099635
13.06424785	-2.826363591	-7.945305722	14.00636905	0.850181627	1200.042826	792.8361402	1.513607623
13.11049233	-2.843746479	-7.977119405	14.05840782	0.850494401	1200.016199	792.8772135	1.513495631
13.16570962	-2.860659559	-8.013184587	14.1192628	0.850798723	1199.613221	792.8351246	1.513067703
13.21895486	-2.878042447	-8.048498651	14.17830234	0.851111498	1199.231443	792.6356242	1.512966874
13.26914342	-2.895425335	-8.082284379	14.2342852	0.851424273	1198.592002	792.5144684	1.512391319
13.32899502	-2.912808223	-8.12090162	14.29993109	0.851737047	1197.733476	791.9755961	1.512336343
13.37326745	-2.93019111	-8.151729279	14.34999782	0.852049822	1197.154343	791.7113765	1.512109562
13.42917495	-2.947573998	-8.188374474	14.41169962	0.852362597	1196.350369	791.4329363	1.511625703
13.47965933	-2.96401727	-8.221838298	14.46766508	0.852658465	1196.16522	791.4221531	1.511412355
13.53152413	-2.98093035	-8.256227242	14.52516758	0.852962787	1195.699154	791.2971607	1.511062106
13.58368475	-2.99784343	-8.290764089	14.58296589	0.853267108	1195.356319	791.2737252	1.510673589
13.63446493	-3.01475651	-8.32461072	14.63938377	0.85357143	1194.734248	791.0874302	1.510242992
13.69234448	-3.032609206	-8.362476841	14.70321421	0.853892658	1194.087953	790.8616316	1.509856978
13.73760293	-3.049522286	-8.393562608	14.75411036	0.854196979	1193.945454	790.8851431	1.509631917
13.78670687	-3.065965558	-8.426336216	14.80869539	0.854492847	1193.393742	790.6913639	1.509304131
13.83965631	-3.083348446	-8.461502376	14.86743912	0.854805622	1192.989769	790.5876435	1.508991165
13.89783166	-3.100261526	-8.499046594	14.93125217	0.855109944	1192.094621	790.2486128	1.508505807
13.94575238	-3.117174606	-8.531463491	14.98481058	0.855414265	1191.637977	790.1672451	1.508083238
13.99436331	-3.133617878	-8.563990593	15.0389026	0.855710133	1191.176902	789.9725773	1.507871205
14.04080499	-3.152879997	-8.596842494	15.09176499	0.856056722	1190.459351	789.7334758	1.507419133
14.09759991	-3.168853461	-8.633226687	15.1538844	0.856344136	1190.037784	789.5124772	1.507307127
14.15252139	-3.185296734	-8.668909062	15.21428697	0.856640004	1188.855254	788.9769346	1.506831444
14.19916028	-3.201740006	-8.700450141	15.26640695	0.856935873	1188.420785	788.9324197	1.506365761
14.2430383	-3.218183278	-8.730610788	15.31576606	0.857231741	1188.06642	788.926531	1.505927832
14.29687515	-3.234156743	-8.765515947	15.3749274	0.857519155	1187.558062	788.7672812	1.505587376
14.36017783	-3.250600015	-8.80538892	15.44371116	0.857815023	1186.828574	788.5743958	1.505030572
14.40543628	-3.267043287	-8.836239783	15.49445071	0.858110892	1186.538158	788.5682694	1.504673982
14.46666831	-3.283486559	-8.875077432	15.56116383	0.85840676	1186.130828	788.4528167	1.504377691
14.51340579	-3.299929831	-8.906667812	15.6133824	0.858702628	1185.252005	788.1708167	1.503800927
14.56300275	-3.315433488	-8.939218118	15.66814724	0.858981589	1184.848121	787.9545646	1.503701069
14.61624799	-3.331406953	-8.97382747	15.72671697	0.859269004	1184.241096	787.833683	1.503161291
14.67284571	-3.347380417	-9.010113061	15.78863918	0.859556419	1183.566419	787.6091187	1.502733261
14.72017481	-3.362414266	-9.041294537	15.84097956	0.859826926	1183.009962	787.403063	1.502419812
14.77115219	-3.379327346	-9.07523977	15.89759464	0.860131248	1182.402172	787.2514813	1.501937056
14.81719947	-3.39530081	-9.106250138	15.9489664	0.860418663	1182.18687	787.1493509	1.501858406
14.86807825	-3.411744083	-9.139911167	16.00532628	0.860714531	1181.564389	786.8708463	1.501598889
14.9219151	-3.427717547	-9.174816326	16.06448762	0.861001945	1180.321796	786.2137447	1.501273418
14.97466733	-3.442751396	-9.208709364	16.12225113	0.861272453	1179.772985	786.0713735	1.500847155
15.02820838	-3.458255053	-9.243231716	16.18096006	0.861551415	1179.228426	785.9100961	1.500462244
15.07287522	-3.472819094	-9.272847157	16.23048158	0.861813469	1178.650868	785.7875215	1.499961294
15.13075477	-3.488792558	-9.309773663	16.29368562	0.862100884	1177.915441	785.6343704	1.499317603
15.18064753	-3.503826407	-9.342236968	16.34858966	0.862371392	1177.779587	785.5587227	1.499289045
15.23704804	-3.519799872	-9.378423957	16.41031467	0.862658807	1176.980984	785.3531656	1.498664595
15.2910821	-3.53483372	-9.41295791	16.46936001	0.862929315	1176.537272	785.2464015	1.498303296
15.3512295	-3.550337377	-9.450783439	16.53467529	0.863208276	1175.40142	784.8270545	1.497656603
15.3985586	-3.565371226	-9.481964914	16.58701568	0.863478784	1175.050327	784.7709953	1.497316203
15.44933878	-3.579935267	-9.514637026	16.64265054	0.863740839	1174.573354	784.6220433	1.496992551
15.50692253	-3.594969116	-9.550945821	16.70524556	0.864011347	1173.83066	784.3547288	1.496555853
15.55987196	-3.61094258	-9.585407269	16.76351948	0.864298761	1173.369038	784.2007727	1.496261007
15.60246815	-3.625976429	-9.614222289	16.81112696	0.864569269	1172.875576	784.0156333	1.495984935
15.65344554	-3.641010278	-9.647227907	16.86711563	0.864839777	1172.286148	783.8695982	1.49551169
15.70047883	-3.656044127	-9.678261479	16.91916021	0.865110285	1170.781705	783.0037614	1.495244037
15.7550059	-3.671077976	-9.713041939	16.97869856	0.865380793	1170.102119	782.8990947	1.4945759
15.80115178	-3.685642017	-9.743396896	17.02969911	0.865642848	1169.750131	782.8124564	1.494291668
15.85587605	-3.700675866	-9.778275958	17.08943467	0.865913356	1168.964479	782.6010133	1.493691497
15.91296678	-3.715239907	-9.814103343	17.15138008	0.86617541	1168.562629	782.5077935	1.493355899
15.96709944	-3.730273756	-9.848686598	17.21052402	0.866445918	1167.538336	782.1666083	1.49269775
16.01383693	-3.744837797	-9.879337362	17.26211619	0.866707973	1167.320728	782.1437752	1.492463105
16.06589894	-3.759871646	-9.912885293	17.31918949	0.866978481	1166.551217	781.9998325	1.491753793
16.11194621	-3.773965879	-9.942956045	17.36993484	0.867232082	1165.793896	781.6963774	1.491364077
16.17012157	-3.78852992	-9.979325743	17.43296487	0.867494137	1165.252245	781.4648119	1.491112878
16.22435283	-3.802624154	-10.01348849	17.49189421	0.867747738	1164.278883	781.2215719	1.4903312
16.28124635	-3.817188195	-10.04921727	17.55364242	0.868009793	1163.795493	781.060852	1.490018979
16.3303503	-3.831282428	-10.08081636	17.60744444	0.868263394	1162.852792	780.7973054	1.489314556
16.38083467	-3.845846469	-10.11334057	17.6627835	0.868525448	1162.355854	780.5602382	1.489130238
16.43161485	-3.859940703	-10.14577778	17.71826176	0.86877905	1161.390278	780.2889848	1.488410449
16.47756352	-3.874974552	-10.17626904	17.76922171	0.869049558	1160.400132	779.6459229	1.488368114
16.53485146	-3.889538593	-10.21219503	17.83136432	0.869311612	1159.726985	779.4113378	1.487952419
16.59154778	-3.90269321	-10.24712049	17.89244551	0.869548307	1158.548103	779.1603989	1.486918617
16.64104613	-3.916787444	-10.27891679	17.94664194	0.869801908	1158.191919	779.0720339	1.486630078
16.69172771	-3.930881677	-10.31130469	18.0020216	0.870055509	1157.188437	778.787981	1.48588379
16.74093026	-3.944506103	-10.34271818	18.05576562	0.870300657	1156.719162	778.6420048	1.485559672
16.79476711	-3.958130528	-10.37644882	18.11414395	0.870545805	1155.738491	778.4055478	1.484751098
16.84357525	-3.971754954	-10.4076651	18.16749356	0.870790953	1155.213519	778.3020601	1.484274009
16.89405962	-3.985849187	-10.4399544	18.22267602	0.871044554	1154.538175	778.0570313	1.483873455
16.944544	-3.998533997	-10.471539	18.27738866	0.871272795	1153.777131	777.8131431	1.483360292
16.99857805	-4.012158423	-10.50536824	18.3359642	0.871517943	1153.05767	777.5836076	1.482872914
17.04699178	-4.026252656	-10.53662222	18.389076	0.871771544	1152.228972	777.3483509	1.482255633
17.10822381	-4.039407274	-10.57381554	18.4546929	0.872008239	1151.596683	777.127631	1.481863
17.15900399	-4.053031699	-10.60601784	18.51001456	0.872253386	1150.679921	776.7817235	1.481342681
17.20613589	-4.066186317	-10.6361611	18.56153133	0.872490081	1149.859695	776.538924	1.480749592
17.25701467	-4.08028055	-10.66864761	18.61710819	0.872743682	1148.715118	775.8842135	1.480523896
17.31183755	-4.093435168	-10.70263636	18.67631594	0.872980377	1147.728339	775.524842	1.479937556
17.36242053	-4.106589786	-10.73450516	18.73128379	0.873217071	1147.20349	775.4306965	1.479440388
17.41783502	-4.119744404	-10.76878971	18.79108315	0.873453766	1146.108279	775.096071	1.478666093
17.46684036	-4.132899022	-10.79986969	18.84447336	0.87369046	1145.484529	775.0096064	1.478026233
17.52117022	-4.145114024	-10.83314212	18.9028749	0.873910248	1144.716761	774.7434806	1.477542941
17.57776794	-4.158268642	-10.86801829	18.96385749	0.874146942	1144.007591	774.4763998	1.477136801
17.62854812	-4.171893067	-10.90022059	19.01917914	0.87439209	1143.313715	774.2653496	1.476643266
17.67725766	-4.184108069	-10.93068286	19.07196035	0.874611878	1142.443524	774.0363402	1.475955928
17.72705182	-4.196792879	-10.96192235	19.12598278	0.874840119	1141.793779	773.7991065	1.475568749
17.78128308	-4.209477689	-10.99538038	19.18444231	0.87506836	1140.682095	773.469439	1.474760395
17.8294996	-4.221222884	-11.02536124	19.2365739	0.875279694	1139.784673	773.1805833	1.474150667
17.8808714	-4.234377502	-11.05762445	19.29233056	0.875516389	1138.888371	772.8718589	1.473579815
17.93175018	-4.247062312	-11.08940625	19.34743762	0.87574463	1138.263934	772.7044433	1.473090965
17.98114993	-4.259277314	-11.12021362	19.40090904	0.875964418	1137.585192	772.4781139	1.472643912
18.03311334	-4.272431932	-11.15277264	19.45725732	0.876201112	1136.282332	771.7705605	1.472305878
18.08162567	-4.284646934	-11.1831363	19.50984132	0.8764209	1135.43695	771.3974314	1.47192213
18.13605414	-4.296392128	-11.21622313	19.56818485	0.876632234	1134.415375	771.0972264	1.471170348
18.18765832	-4.309076938	-11.24836763	19.6240173	0.876860475	1133.363442	770.8077181	1.470358191
18.23926251	-4.320822133	-11.28004232	19.67953656	0.87707181	1132.381862	770.4906456	1.469689305
18.2908667	-4.333976751	-11.31242172	19.73552561	0.877308504	1131.663534	770.3016439	1.469117381
18.34247088	-4.345721945	-11.34409641	19.79104487	0.877519838	1130.881078	770.0818013	1.468520716
18.39407507	-4.357467139	-11.37577111	19.84656412	0.877731173	1129.860672	769.7011819	1.467921186
18.44567926	-4.369212334	-11.4074458	19.90208337	0.877942507	1129.475051	769.6533636	1.467511355
18.49728344	-4.381427336	-11.43935539	19.95775922	0.878162295	1128.370772	769.3558717	1.466643479
18.54888763	-4.393172531	-11.47103008	20.01327847	0.878373629	1127.608635	769.132599	1.466078328
18.60049182	-4.404447917	-11.50246987	20.06864112	0.87857651	1126.495627	768.8328532	1.46520225
18.652096	-4.416662919	-11.53437946	20.12431698	0.878796298	1125.63001	768.5336193	1.464646415
18.70370019	-4.427938306	-11.56581925	20.17967963	0.878999179	1125.268466	768.3623356	1.464502376
18.75530438	-4.439213693	-11.59725903	20.23504227	0.87920206	1123.978885	768.0140175	1.463487462
18.80690856	-4.450958887	-11.62893373	20.29056153	0.879413394	1123.020343	767.5223643	1.463176052
18.85851275	-4.462704082	-11.66060842	20.34608078	0.879624729	1121.648365	766.8733134	1.462625372
18.91011694	-4.473979468	-11.6920482	20.40144343	0.87982761	1120.853425	766.6488172	1.462016766
18.96172112	-4.485254855	-11.72348799	20.45680607	0.880030491	1119.783149	766.3625776	1.46116627
19.01332531	-4.496530242	-11.75492778	20.51216872	0.880233372	1118.910013	766.1623753	1.460408458
19.0649295	-4.507805628	-11.78636756	20.56753137	0.880436253	1118.233578	766.0490479	1.459741489
19.11653368	-4.518141399	-11.81733754	20.62258082	0.880622227	1117.037078	765.6096486	1.459016458
19.16813787	-4.528946978	-11.84854242	20.67778686	0.880816654	1116.562111	765.4914003	1.458621365
19.21974206	-4.540222365	-11.87998221	20.73314951	0.881019535	1115.513302	765.1318404	1.457936062
19.27134624	-4.551497752	-11.911422	20.78851216	0.881222416	1114.856753	764.9335607	1.457455667
19.32295043	-4.562303331	-11.94262688	20.84371821	0.881416844	1113.9311	764.7056495	1.456679574
19.37455461	-4.572639102	-11.97359686	20.89876765	0.881602818	1112.971645	764.3147383	1.456169284
19.4261588	-4.583444681	-12.00480174	20.95397369	0.881797246	1111.909838	764.0313217	1.455319705
19.47776299	-4.594250259	-12.03600662	21.00917974	0.881991673	1110.92667	763.8261991	1.454423364
19.52936717	-4.604586031	-12.0669766	21.06422918	0.882177648	1110.222106	763.5506144	1.454025555
19.58097136	-4.615391609	-12.09818149	21.11943523	0.882372075	1108.966525	763.0615682	1.453311988
19.63257555	-4.626666996	-12.12962127	21.17479788	0.882574956	1107.49243	762.2464134	1.452932294
19.68417973	-4.637002767	-12.16059125	21.22984732	0.88276093	1106.477263	762.0096443	1.452051521
19.73578392	-4.646868731	-12.19132633	21.28474016	0.882938451	1105.350764	761.6336527	1.451289291
19.78738811	-4.657204502	-12.2222963	21.33978961	0.883124425	1104.569896	761.4439643	1.450625322
19.83899229	-4.667540273	-12.25326628	21.39483905	0.8833104	1103.458845	761.0425951	1.449930467
19.89059648	-4.677406236	-12.28400136	21.44973189	0.883487921	1102.68338	760.8658125	1.449248161
19.94220067	-4.687272199	-12.31473643	21.50462473	0.883665441	1101.694611	760.5862539	1.448480833
19.99380485	-4.697138163	-12.34547151	21.55951757	0.883842962	1100.628711	760.2719299	1.447677689
20.04540904	-4.707004126	-12.37620658	21.61441042	0.884020483	1099.621451	759.9769065	1.446914296
20.09701323	-4.716400282	-12.40670675	21.66914665	0.884189551	1098.15499	759.4172395	1.446049594
20.14861741	-4.726736053	-12.43767673	21.7241961	0.884375525	1097.472851	759.2301798	1.445507411
20.2002216	-4.735662401	-12.467942	21.77877573	0.884536139	1096.225577	758.8654367	1.444558579
20.25182579	-4.745528364	-12.49867707	21.83366857	0.88471366	1095.316923	758.5425559	1.443975574
20.30342997	-4.755394327	-12.52941215	21.88856142	0.884891181	1094.061167	758.1530218	1.443061145
20.35503416	-4.764320675	-12.55967742	21.94314105	0.885051795	1093.008882	757.8334429	1.44228114
20.40663835	-4.774656446	-12.5906474	21.99819049	0.885237769	1091.267915	756.8988858	1.44176182
20.45824253	-4.783582794	-12.62091266	22.05277013	0.885398383	1089.966805	756.5162792	1.440771117
20.50984672	-4.793448757	-12.65164774	22.10766297	0.885575904	1089.349547	756.3510107	1.440269837
20.56145091	-4.801905297	-12.6816781	22.162086	0.885728065	1087.823814	755.91328	1.439085465
20.61305509	-4.811771261	-12.71241318	22.21697885	0.885905586	1086.611316	755.6002849	1.438076901
20.66465928	-4.820227801	-12.74244354	22.27140188	0.886057746	1085.452566	755.2145269	1.437277127
20.71626346	-4.829154148	-12.77270881	22.32598151	0.88621836	1084.615786	754.9150302	1.436738894
20.76786765	-4.837610688	-12.80273917	22.38040455	0.886370521	1083.573159	754.6080541	1.435941683
20.81947184	-4.847006844	-12.83323934	22.43514079	0.886539589	1082.119004	754.1944286	1.434801111
20.87107602	-4.855933192	-12.86350461	22.48972042	0.886700203	1081.206832	753.8699653	1.434208659
20.92268021	-4.864389732	-12.89353497	22.54414345	0.886852363	1080.070245	753.5211381	1.433364229
20.9742844	-4.872376464	-12.92333043	22.59840989	0.886996071	1078.728848	753.0945758	1.432394925
21.02588858	-4.880833004	-12.95336079	22.65283292	0.887148232	1077.326248	752.6270422	1.431421125
21.07749277	-4.889289544	-12.98339116	22.70725595	0.887300392	1076.058288	752.173862	1.430597821
21.12909696	-4.897276276	-13.01318662	22.76152238	0.8874441	1074.853192	751.8026084	1.429701334
21.18070114	-4.906202624	-13.04345188	22.81610202	0.887604714	1072.762455	750.771539	1.428880024
21.23230533	-4.914659164	-13.07348225	22.87052505	0.887756875	1071.764184	750.5206519	1.428027571
21.28390952	-4.923115704	-13.10351261	22.92494808	0.887909035	1070.404741	750.0966373	1.42702245
21.3355137	-4.930632628	-13.13307317	22.97905791	0.888044289	1069.150929	749.6685791	1.426164787
21.38711789	-4.938619361	-13.16286863	23.03332434	0.888187997	1067.285007	749.0874169	1.424780316
21.43872208	-4.946136285	-13.19242918	23.08743417	0.888323251	1066.280125	748.7424992	1.424094566
21.49032626	-4.953653209	-13.22198974	23.141544	0.888458505	1064.915132	748.3385168	1.423039318
21.54193045	-4.961170134	-13.25155029	23.19565383	0.888593759	1063.70281	747.9343274	1.422187445
21.59353464	-4.968687058	-13.28111085	23.24976366	0.888729013	1062.813366	747.6986539	1.42144614
21.64513882	-4.976203983	-13.3106714	23.30387348	0.888864267	1060.958513	746.9989095	1.420294594
21.69674301	-4.983720907	-13.34023196	23.35798331	0.88899952	1059.937879	746.7396663	1.419420886
21.7483472	-4.990768024	-13.36955761	23.41193654	0.889126321	1058.317415	746.2096328	1.41825751
21.79995138	-4.997815141	-13.39888326	23.46588976	0.889253122	1057.09506	745.8531139	1.417296569
21.85155557	-5.004862257	-13.42820891	23.51984299	0.889379922	1056.005626	745.4597704	1.416582984
21.90315976	-5.011439566	-13.45729966	23.57363961	0.88949827	1054.072498	744.8662452	1.415116478
21.95476394	-5.018956491	-13.48686022	23.62774944	0.889633524	1052.961254	744.2023216	1.414885742
22.00636813	-5.026003607	-13.51618587	23.68170266	0.889760324	1051.177127	743.6067107	1.413619743
22.05797231	-5.033050724	-13.54551152	23.73565589	0.889887125	1050.091113	743.2957208	1.412750112
22.1095765	-5.039628033	-13.57460227	23.78945251	0.890005472	1048.61532	742.8446019	1.411621377
22.16118069	-5.045735534	-13.60345811	23.84309253	0.890115366	1047.596491	742.5446562	1.410819514
22.21278487	-5.052312843	-13.63254886	23.89688916	0.890233713	1046.53588	742.3135554	1.409829947
22.26438906	-5.058420344	-13.6614047	23.95052918	0.890343607	1044.973668	741.7524161	1.40879038
22.31599325	-5.065467461	-13.69073035	24.0044824	0.890470408	1044.266198	741.5063896	1.408303708
22.36759743	-5.071105154	-13.71935129	24.05796582	0.890571848	1042.879237	741.0743504	1.407253181
22.41920162	-5.077682463	-13.74844204	24.11176244	0.890690195	1041.989665	740.8183104	1.406538757
22.47080581	-5.083320156	-13.77706298	24.16524586	0.890791636	1040.435898	740.2803101	1.405462072
22.52240999	-5.089427657	-13.80591883	24.21888588	0.89090153	1039.645541	740.0880328	1.404759293
22.57401418	-5.096004966	-13.83500957	24.2726825	0.891019877	1038.551655	739.6825919	1.404050421
22.62561837	-5.101172852	-13.86339561	24.32600932	0.891112864	1037.154777	739.1970519	1.403082945
22.67722255	-5.107280353	-13.89225145	24.37964934	0.891222758	1035.880285	738.7720573	1.40216495
22.72882674	-5.113857662	-13.9213422	24.43344596	0.891341105	1034.713906	738.2511994	1.401574298
22.78043093	-5.119965163	-13.95019804	24.48708598	0.891450999	1033.44103	737.7156583	1.400866334
22.83203511	-5.125602856	-13.97881898	24.5405694	0.891552439	1032.099125	737.3190436	1.399799902
22.8836393	-5.131240549	-14.00743992	24.59405282	0.89165388	1031.465274	737.1888099	1.399187372
22.93524349	-5.136408435	-14.03582596	24.64737963	0.891746867	1030.705783	737.0167784	1.398483472
22.98684767	-5.142515936	-14.0646818	24.70101965	0.891856761	1029.435492	736.644117	1.397466522
23.03845186	-5.148153629	-14.09330274	24.75450307	0.891958201	1028.87622	736.4573648	1.397061485
23.09005605	-5.154261131	-14.12215859	24.80814309	0.892068095	1027.551435	736.0460509	1.396042317
23.14166023	-5.159898824	-14.15077953	24.86162651	0.892169536	1026.862552	735.8474422	1.395482939
23.19326442	-5.165066709	-14.17916556	24.91495332	0.892262523	1025.437149	735.3109261	1.394562644
23.24486861	-5.170234595	-14.2075516	24.96828014	0.89235551	1024.660806	735.1025038	1.393901939
23.29647279	-5.175402481	-14.23593764	25.02160695	0.892448497	1023.625576	734.7878723	1.393089917
23.34807698	-5.181040174	-14.26455858	25.07509037	0.892549938	1022.142581	734.3143566	1.391968673
23.39968116	-5.186208059	-14.29294461	25.12841718	0.892642925	1021.311891	733.9959921	1.391440692
23.45128535	-5.190906137	-14.32109574	25.1815874	0.892727458	1020.485965	733.8027174	1.390681638
23.50288954	-5.196074023	-14.34948178	25.23491421	0.892820446	1019.268288	733.3050799	1.389964853
23.55449372	-5.201241908	-14.37786782	25.28824103	0.892913433	1017.682695	732.544586	1.38924335
23.60609791	-5.206409794	-14.40625385	25.34156784	0.89300642	1016.945757	732.3289749	1.388646075
23.6577021	-5.211577679	-14.43463989	25.39489466	0.893099407	1016.521816	732.2074935	1.388297478
23.70930628	-5.216745565	-14.46302592	25.44822147	0.893192394	1015.416915	731.9408951	1.387293594
23.76091047	-5.221443643	-14.49117706	25.50139168	0.893276928	1014.81343	731.7802994	1.386773368
23.81251466	-5.226611528	-14.51956309	25.5547185	0.893369915	1013.433864	731.3304831	1.385739946
23.86411884	-5.231779414	-14.54794913	25.60804532	0.893462902	1012.991363	731.2128538	1.385357708
23.91572303	-5.236007684	-14.57586536	25.66105892	0.893538982	1011.18198	730.649718	1.383949046
23.96732722	-5.240705762	-14.60401649	25.71422914	0.893623516	1010.780934	730.5270589	1.383632435
24.0189314	-5.245403839	-14.63216762	25.76739935	0.89370805	1009.976558	730.2488128	1.383058131
24.07053559	-5.250101917	-14.66031875	25.82056956	0.893792584	1009.208957	729.9824965	1.382511172
24.12213978	-5.254799995	-14.68846989	25.87373977	0.893877117	1008.734079	729.8242041	1.382160353
24.17374396	-5.259028265	-14.71638611	25.92675338	0.893953198	1007.69688	729.4885921	1.381374419
24.22534815	-5.264196151	-14.74477215	25.9800802	0.894046185	1007.454703	729.4478582	1.381119557
24.27695234	-5.268894228	-14.77292328	26.03325041	0.894130719	1006.431703	729.1586112	1.380264441
