eps1        epsv      eps3             epsq       Void ratio    q           p          eta = q/p  
[%]         [%]       [%]              [%]        [%]           [kPa]       [kPa]      [-]

0	0	0	0	0.748329838	2.83	201.22	0.01
0.007404736	0.004191552	-0.001606592	0.006007552	0.748256556	9.131371414	203.3101865	0.044913497
0.012795354	0.00465728	-0.004069037	0.011242928	0.748248413	11.66807133	204.1759951	0.057147126
0.024432851	0.011177472	-0.00662769	0.020707027	0.748134419	20.52540982	207.1487653	0.099085359
0.038898068	0.015834753	-0.011531658	0.033619817	0.748052994	27.4070909	209.421925	0.130870208
0.045255278	0.017231937	-0.014011671	0.039511299	0.748028567	29.32689532	210.1327068	0.139563687
0.053966482	0.019094849	-0.017435816	0.047601532	0.747995997	32.5682263	211.1526704	0.154240182
0.044540247	0.019094849	-0.012722699	0.038175298	0.747995997	31.65886875	210.8294732	0.150163392
0.052918955	0.024217857	-0.014350549	0.044846336	0.74790643	35.43033347	212.0863822	0.167056145
0.07647791	0.034929601	-0.020774155	0.06483471	0.747719153	47.88413028	216.2581358	0.221421174
0.10930273	0.04936717	-0.02996778	0.092847007	0.747466737	64.41917859	221.7490845	0.290504823
0.133551696	0.069859202	-0.031846247	0.110265296	0.747108469	84.61420274	228.5116142	0.370284036
0.176332393	0.092214147	-0.042059123	0.145594344	0.746717631	112.7397858	237.7952276	0.474104493
0.228378954	0.114569092	-0.056904931	0.190189257	0.746326792	140.2022228	246.9393343	0.567759783
0.262386651	0.135526853	-0.063429899	0.217211033	0.745960382	166.1537984	255.6201405	0.650002766
0.311081729	0.155087429	-0.07799715	0.25938592	0.745618398	190.0840608	263.6580306	0.720949255
0.357312482	0.17138791	-0.092962286	0.300183179	0.745333412	212.9187711	271.1983437	0.785103508
0.397727426	0.186756934	-0.105485246	0.335475114	0.745064711	234.4460077	278.3536832	0.842259405
0.450168279	0.200263047	-0.124952616	0.38341393	0.744828579	254.4159106	284.9797905	0.892750711
0.493441841	0.212371975	-0.140534933	0.422651182	0.744616875	273.3813955	291.3519778	0.938320026
0.542432638	0.222152264	-0.160140187	0.468381884	0.744445884	291.2329451	297.3029044	0.979583249
0.587677661	0.230535368	-0.178571146	0.510832538	0.744299319	308.1564639	302.8933083	1.017376269
0.632922683	0.237987016	-0.197467833	0.553593678	0.74416904	323.7810403	308.0910514	1.050926467
0.686349267	0.242644296	-0.221852485	0.605467835	0.744087615	338.6903649	313.0709473	1.081832626
0.730904278	0.246835848	-0.242034215	0.648625662	0.744014333	352.812287	317.7986607	1.1101755
0.784528008	0.249164488	-0.26768176	0.701473179	0.743973621	366.2757282	322.2965954	1.136455468
0.841503221	0.250095944	-0.295703638	0.758137906	0.743957336	380.7236407	327.1224412	1.163856687
0.892859772	0.250095944	-0.321381914	0.809494457	0.743957336	392.6038327	331.0829152	1.185817252
0.946384929	0.24869876	-0.348843084	0.863485342	0.743981763	404.0956485	334.9239695	1.206529497
0.989264198	0.244972936	-0.372145631	0.907606553	0.744046903	414.84809	338.4878747	1.225592174
1.04880231	0.240315656	-0.404243327	0.968697091	0.744128328	425.2902749	342.008923	1.243506372
1.103116052	0.233329736	-0.434893158	1.025339473	0.744250465	435.0782628	345.2310196	1.260252521
1.155261186	0.223549448	-0.465855869	1.080744704	0.744421456	446.9458605	349.1359525	1.280148485
1.20996922	0.214700615	-0.497634302	1.138402348	0.744576163	456.0157679	352.190274	1.294799435
1.261522916	0.205386055	-0.52806843	1.193060898	0.744739012	464.7944728	355.1467899	1.308739051
1.315540938	0.197002951	-0.559268994	1.249873288	0.744885577	473.0295517	357.9322182	1.321561814
1.367390354	0.187222662	-0.590083846	1.3049828	0.745056568	480.7523977	360.4558132	1.333734622
1.419141196	0.17604519	-0.621548003	1.360459466	0.745251987	488.5755003	363.0635961	1.345702256
1.462513331	0.164867718	-0.648822807	1.407557425	0.745447407	495.8384091	365.5149287	1.356547627
1.519291398	0.152293061	-0.683499168	1.468527044	0.745667253	502.8526459	367.8326836	1.367068964
1.568577915	0.139718405	-0.714429755	1.522005113	0.745887099	509.575534	370.0942163	1.376880566
1.613330072	0.125746564	-0.743791754	1.57141455	0.746131373	516.3159428	372.3109843	1.386786758
1.668629543	0.111774724	-0.77842741	1.631371302	0.746375647	522.5562974	374.4421175	1.395559615
1.7221547	0.097337155	-0.812408773	1.689708982	0.746628064	528.6107423	376.4907928	1.404046931
1.772426947	0.081968131	-0.845229408	1.745104237	0.746896765	534.5821587	378.4704059	1.412480739
1.825064947	0.066599106	-0.87923292	1.802865245	0.747165466	540.1747603	380.3857854	1.420070836
1.872675722	0.050298626	-0.911188548	1.855909514	0.747450452	545.7435043	382.1914284	1.427932349
1.927186609	0.033998145	-0.946594232	1.915853894	0.747735438	551.072935	383.9780263	1.435167893
1.981894643	0.016766209	-0.982564217	1.976305907	0.748036709	556.0987236	385.6832422	1.441853477
2.024971058	-0.000931456	-1.012951257	2.025281544	0.748346123	561.2096386	387.3770875	1.44874247
2.090817845	-0.018629121	-1.054723483	2.097027552	0.748655537	565.980102	388.977363	1.455046375
2.139217204	-0.037258241	-1.088237723	2.151636618	0.748981235	570.7516943	390.5170428	1.461528261
2.179829294	-0.055887362	-1.117858328	2.198458414	0.749306933	575.2737805	392.0450568	1.467366494
2.228524372	-0.075447939	-1.151986155	2.253673685	0.749648917	579.7752527	393.5560786	1.473170621
2.276135147	-0.095474243	-1.185804695	2.307959895	0.749999043	584.0338074	394.9954288	1.478583712
2.331237473	-0.11503482	-1.223136146	2.369582413	0.750341026	588.2533323	396.4736041	1.483713736
2.378059664	-0.134129669	-1.256094666	2.422769553	0.750674867	592.2313211	397.8199244	1.488691955
2.435232023	-0.156018885	-1.295625454	2.487238318	0.751057563	596.1045654	399.1008028	1.493619059
2.477914146	-0.176976646	-1.327445396	2.536906362	0.751423974	600.1806483	400.4091381	1.498918459
2.52710209	-0.197934407	-1.362518248	2.593080225	0.751790384	603.8472384	401.6618618	1.503372104
2.578852932	-0.219823623	-1.399338278	2.652127473	0.75217308	607.4865354	402.8644298	1.507918025
2.631293786	-0.242644296	-1.436969041	2.712175218	0.752572061	610.8997271	404.1032884	1.511741539
2.679988864	-0.265464969	-1.472726917	2.768477187	0.752971041	614.454929	405.2384067	1.516280093
2.726613909	-0.287819914	-1.507216911	2.82255388	0.753361879	617.83929	406.316086	1.520587816
2.784574853	-0.311106315	-1.547840584	2.888276958	0.753769003	620.9877892	407.4060697	1.52424776
2.839381459	-0.335324171	-1.587352815	2.951156183	0.754192411	624.2211208	408.5044169	1.528064557
2.885415066	-0.358610572	-1.622012819	3.004951923	0.754599534	627.2352045	409.4785845	1.531790009
2.934011571	-0.382362701	-1.658187136	3.061465805	0.755014799	630.3581883	410.5498601	1.535399837
2.983002369	-0.407046286	-1.695024327	3.118684464	0.75544635	633.2015799	411.4168533	1.539075453
3.032486031	-0.431264143	-1.731875087	3.176240746	0.755869758	636.0494373	412.4065411	1.542287461
3.081476829	-0.456413455	-1.768945142	3.233614647	0.756309451	638.8424138	413.3681423	1.545456334
3.129186177	-0.481562768	-1.805374473	3.2897071	0.756749144	641.5159144	414.2493521	1.548622614
3.183302772	-0.507177809	-1.845240291	3.352362042	0.757196979	644.2435732	415.1384117	1.551876567
3.235645053	-0.531395666	-1.883520359	3.412776942	0.757620387	646.82614	416.0501183	1.554683226
3.279115761	-0.559339347	-1.919227554	3.46556221	0.758108935	649.2788246	416.8984529	1.557402816
3.327810839	-0.585420116	-1.956615477	3.522950878	0.758564913	651.732727	417.7266233	1.560189585
3.378181659	-0.611500885	-1.994841272	3.582015287	0.75902089	654.0010364	418.4617465	1.562869347
3.426679591	-0.63851311	-2.03259635	3.639517295	0.759493153	656.4606781	419.362923	1.565376055
3.482471928	-0.665059607	-2.073765767	3.704158464	0.759957274	658.6052518	420.0883939	1.567777785
3.531561299	-0.691606103	-2.111583701	3.762096666	0.760421394	660.8668696	420.8420205	1.570344303
3.57936922	-0.719084056	-2.149226638	3.819063905	0.760901799	662.8917824	421.5777995	1.572406762
3.626979995	-0.746096281	-2.186538138	3.875678755	0.761374062	665.0209998	422.3081906	1.574729107
3.687306691	-0.774039962	-2.230673327	3.945320012	0.76186261	667.0710366	423.0525902	1.576804048
3.743986185	-0.801517915	-2.27275205	4.011158824	0.762343015	668.8257613	423.6374984	1.578769027
3.787752612	-0.830393052	-2.309072832	4.064550296	0.762847848	670.9108827	424.3025039	1.58120887
3.842460646	-0.857871005	-2.350165825	4.128417647	0.763328253	672.7470637	424.9548842	1.583102321
3.893225758	-0.886746142	-2.38998595	4.188807805	0.763833085	674.5978479	425.5721403	1.585155098
3.941427971	-0.915155551	-2.428291761	4.246479821	0.764329776	676.2602592	426.1057894	1.587071277
4.000374645	-0.94356496	-2.471969802	4.314896298	0.764826466	677.8156123	426.6145294	1.58882449
4.047393982	-0.972440097	-2.509917039	4.371540681	0.765331298	679.6543698	427.2779716	1.590660916
4.098651959	-1.001315234	-2.549983596	4.432423704	0.765836131	681.3289065	427.7755065	1.592725381
4.145375577	-1.030190371	-2.587782974	4.488772367	0.766340964	682.883117	428.3035337	1.594390574
4.19781643	-1.059996964	-2.628906697	4.551148752	0.766862081	684.4059067	428.8824692	1.595788953
4.246018644	-1.089803557	-2.6679111	4.609286496	0.767383199	685.9931295	429.3713055	1.597668779
4.304472452	-1.118678694	-2.711575573	4.67736535	0.767888031	687.295885	429.8262093	1.599008786
4.353364677	-1.148951015	-2.751157846	4.736348349	0.768417291	688.7292845	430.3138842	1.600527684
4.408861295	-1.179689064	-2.794275179	4.802090983	0.768954694	690.1925594	430.8323335	1.601998053
4.46297789	-1.209495657	-2.836236773	4.866143109	0.769475811	691.3625411	431.2423234	1.603188054
4.508420058	-1.239767978	-2.874094018	4.921676051	0.770005072	692.8029203	431.7935428	1.60447726
4.564902406	-1.270971755	-2.917937081	4.988559658	0.770550616	694.0519238	432.2401583	1.605709027
4.621877619	-1.300778348	-2.961327984	5.055470402	0.771071734	695.1650436	432.6419712	1.606790579
4.669586968	-1.331516397	-3.000551682	5.113425767	0.771609137	696.4199927	433.0602876	1.608136356
4.718479192	-1.363185902	-3.040832547	5.172874493	0.772162824	697.3891993	433.4441644	1.60894818
4.762442765	-1.395321135	-3.07888195	5.22754981	0.772724654	698.712462	433.835057	1.610548642
4.815475057	-1.425593456	-3.120534257	5.290672876	0.773253914	699.7578219	434.1635143	1.611737972
4.862395821	-1.456797233	-3.159596527	5.347994898	0.773799459	700.894648	434.5324173	1.612985867
4.904092214	-1.48800101	-3.196046612	5.40009255	0.774345004	701.8557204	434.9334968	1.613708131
4.957025932	-1.520136244	-3.238581088	5.463738014	0.774906834	702.7253667	435.2841869	1.614405917
5.012916842	-1.551340021	-3.282128431	5.530030183	0.775452379	703.7337444	435.6308438	1.615435992
5.068117741	-1.582543798	-3.325330769	5.59563234	0.775997923	704.4873554	435.8715985	1.616272677
5.117502831	-1.613747575	-3.365625203	5.655418689	0.776543468	705.4749787	436.1810562	1.61739023
5.173295167	-1.644951352	-3.40912326	5.721612285	0.777089013	706.2016054	436.4945221	1.617893397
5.220905943	-1.676155129	-3.448530536	5.779624319	0.777634558	707.088061	436.7901713	1.618827775
5.271375336	-1.707824634	-3.489599985	5.840650214	0.778188246	707.7738659	436.977961	1.619701516
5.31928183	-1.739028411	-3.52915512	5.898957967	0.778733791	708.4528415	437.2454262	1.620263584
5.37162411	-1.771629372	-3.571626741	5.962167234	0.779303763	709.3157683	437.5334784	1.621169129
5.426627863	-1.802833149	-3.614730506	6.027572246	0.779849308	709.8190859	437.670724	1.621810752
5.475717233	-1.83543411	-3.655575672	6.087528604	0.78041928	710.7936537	438.0160679	1.622757031
5.529932402	-1.867569343	-3.698750873	6.152455516	0.78098111	711.3110598	438.1985756	1.623261917
5.576951739	-1.899704576	-3.738328158	6.210186597	0.78154294	711.9448642	438.4203747	1.623886355
5.627223986	-1.930908354	-3.77906617	6.270860103	0.782088485	712.4588526	438.6316142	1.624276111
5.682424884	-1.963509315	-3.822967099	6.336927989	0.782658457	712.9698052	438.8931847	1.624472263
5.735654322	-1.99517882	-3.865416571	6.400713929	0.783212145	713.7277493	439.2262268	1.624966147
5.781589356	-2.027314053	-3.904451704	6.457360707	0.783773975	714.1179495	439.3975155	1.625220727
5.830875872	-2.058983558	-3.944929715	6.517203725	0.784327662	714.793328	439.5815837	1.626076602
5.887259647	-2.092515975	-3.989887811	6.584764972	0.784913919	715.1098404	439.7381848	1.626217293
5.938517625	-2.123719752	-4.031118688	6.646424209	0.785459464	715.6523825	439.9295632	1.626743103
5.995098546	-2.155854985	-4.075476765	6.713716874	0.786021294	716.1734085	440.1036485	1.627283507
6.048229411	-2.188455946	-4.118342678	6.777714726	0.786591266	716.4535253	440.1975948	1.627572558
6.091010107	-2.221056907	-4.156033507	6.831362409	0.787161239	716.9740643	440.3404988	1.628226489
6.146605298	-2.254589325	-4.200597311	6.898135073	0.787747496	717.1902186	440.4835612	1.628188386
6.198158994	-2.28625883	-4.242208912	6.960245271	0.788301183	717.5213232	440.5940114	1.62853172
6.2467555	-2.318394063	-4.282574781	7.01955352	0.788863013	717.6993407	440.7248536	1.628452162
6.294661994	-2.350995024	-4.322828509	7.078327002	0.789432986	718.1395779	440.7907133	1.629207595
6.35498869	-2.383595985	-4.369292337	7.149520685	0.790002958	718.4741882	440.8921291	1.629591777
6.404275207	-2.41526549	-4.409770348	7.209363703	0.790556645	718.6739057	440.9490726	1.629834261
6.455434611	-2.448797907	-4.452116259	7.27170058	0.791142903	719.0158123	441.0730804	1.630151202
6.501665364	-2.48093314	-4.491299252	7.328643077	0.791704732	719.2875197	441.1736886	1.630395326
6.556274824	-2.513999829	-4.535137327	7.394274767	0.792282847	719.6037019	441.2991606	1.630648245
6.603392734	-2.546135062	-4.574763898	7.452104421	0.792844677	719.6424649	441.2919216	1.630762834
6.650904936	-2.578736024	-4.61482048	7.51048361	0.793414649	719.9069594	441.3497235	1.631148545
6.698417138	-2.611336985	-4.654877061	7.568862799	0.793984622	720.0362751	441.4942847	1.630907353
6.748689385	-2.643472218	-4.696080801	7.629846791	0.794546452	720.3164853	441.6182151	1.631084182
6.803200272	-2.676538907	-4.73986959	7.695379908	0.795124566	720.5116152	441.6939534	1.631246273
6.855345407	-2.709139868	-4.782242637	7.758392029	0.795694539	720.4953102	441.6987214	1.63119175
6.908476272	-2.741275101	-4.824875686	7.822234639	0.796256369	720.661095	441.703132	1.631550792
6.955002743	-2.773876062	-4.864439403	7.879628097	0.796826341	720.8381475	441.8030435	1.631582575
7.006359294	-2.806477023	-4.906418159	7.941851635	0.797396313	720.9412908	441.8477096	1.631651076
7.056631541	-2.839543712	-4.948087627	8.003146112	0.797974428	721.1998114	441.9946091	1.631693682
7.111142428	-2.871678945	-4.991410687	8.068368743	0.798536258	721.2887414	442.1055485	1.631485386
7.163090417	-2.905211363	-5.03415089	8.131494204	0.799122515	721.3602541	442.159175	1.631449249
7.215629843	-2.936880868	-5.076255356	8.194590133	0.799676203	721.2177653	442.1324948	1.631225422
7.262254888	-2.969481829	-5.115868358	8.252082164	0.800246175	721.3091431	442.203028	1.631171877
7.317652933	-3.003014246	-5.160333589	8.318657681	0.800832432	721.2630306	442.1780282	1.631159815
7.366150865	-3.034683751	-5.200417308	8.377712115	0.80138612	721.1945551	442.134879	1.63116413
7.418493146	-3.067284712	-5.242888929	8.440921383	0.801956092	721.4071365	442.2356105	1.631273284
7.473201179	-3.099885673	-5.286543426	8.506496404	0.802526064	721.2912597	442.2383709	1.631001078
7.515686157	-3.132486634	-5.324086395	8.559848368	0.803096037	721.4112542	442.1567531	1.63157353
7.571774212	-3.164156139	-5.367965176	8.626492926	0.803649724	721.2634737	442.2187419	1.631010641
7.620370718	-3.1967571	-5.408563909	8.685956418	0.804219696	721.1407269	442.2497393	1.630618772
7.67537447	-3.229358062	-5.452366266	8.751827158	0.804789669	721.1698175	442.2890612	1.630539574
7.726238156	-3.261493295	-5.493865725	8.813402587	0.805351498	721.0930733	442.2035738	1.630681243
7.787452009	-3.293628528	-5.540540269	8.885328185	0.805913328	720.8821787	442.1127876	1.630539082
7.832697032	-3.325763761	-5.579230396	8.941284952	0.806475158	720.7868746	442.1417455	1.630216739
7.886320762	-3.35883045	-5.622575606	9.005930912	0.807053273	720.7418197	442.1169342	1.630206319
7.943000256	-3.390499955	-5.666750105	9.073166907	0.80760696	720.5593134	442.0561808	1.630017506
7.99514539	-3.423100916	-5.709123153	9.136179029	0.808176933	720.3703467	441.9932739	1.629821966
8.037236075	-3.455236149	-5.746236112	9.188981459	0.808738763	720.4378274	442.0767395	1.629666895
8.096971334	-3.487371382	-5.792171358	9.259428461	0.809300592	720.2091855	442.0008535	1.6294294
8.14073776	-3.519972343	-5.830355052	9.314061875	0.809870565	720.0845736	441.9587422	1.629302704
8.192882895	-3.551176121	-5.872029508	9.376608269	0.81041611	719.7205231	441.888407	1.628738187
8.237043614	-3.583777082	-5.910410348	9.431635974	0.810986082	719.775209	441.9676897	1.628569748
8.294708838	-3.615446587	-5.955077713	9.499857701	0.811539769	719.4860215	441.8309738	1.628419156
8.344586793	-3.64758182	-5.996084306	9.5604474	0.812101599	719.263104	441.726223	1.628300668
8.39584477	-3.680182781	-6.038013776	9.622572364	0.812671572	719.1648644	441.6933945	1.628199274
8.451045669	-3.711386558	-6.081216114	9.688174522	0.813217117	718.8190964	441.6795125	1.627467601
8.503092231	-3.743056063	-6.123074147	9.750777585	0.813770804	718.6855381	441.625036	1.627365931
8.552280174	-3.77425984	-6.163270007	9.810366788	0.814316349	718.2911909	441.524524	1.626843249
8.602749567	-3.805929345	-6.204339456	9.871392682	0.814870036	718.1000486	441.4092209	1.626835178
8.658049039	-3.83759885	-6.247823945	9.937248656	0.815423724	717.870594	441.403747	1.626335524
8.701322601	-3.869268355	-6.285295478	9.991078719	0.815977411	717.7353067	441.3796312	1.626117872
8.749130522	-3.901403588	-6.325267055	10.04959838	0.816539241	717.45718	441.2969613	1.625792251
8.795854139	-3.933073093	-6.364463616	10.1068785	0.817092928	717.2251517	441.2906296	1.625289783
8.848590712	-3.964276871	-6.406433791	10.17001634	0.817638473	716.9401969	441.1448756	1.625180834
8.90408733	-3.995480648	-6.449783989	10.23591421	0.818184018	716.366242	440.9537213	1.624583731
8.957119622	-4.026684425	-6.491902023	10.29934776	0.818729563	715.915199	440.8133307	1.624077924
9.007490442	-4.05835393	-6.532922186	10.36027509	0.819283251	715.8947336	440.8974339	1.623721706
9.061902756	-4.089557707	-6.575730231	10.42508866	0.819828796	715.5099204	440.7291708	1.623468488
9.114836475	-4.120761484	-6.617798979	10.48842364	0.820374341	715.2482631	440.6626037	1.62311995
9.164517284	-4.151965261	-6.658241272	10.5485057	0.820919886	714.7203103	440.4663774	1.622644422
9.216563845	-4.182237582	-6.699400714	10.61064304	0.821449146	714.3431913	440.3105541	1.622362182
9.263583182	-4.213907087	-6.738745135	10.66821888	0.822002833	714.1758227	440.3061896	1.621998145
9.310996811	-4.244645136	-6.777820974	10.72587852	0.822540235	713.6777188	440.0796749	1.621701159
9.360874766	-4.276314641	-6.818594704	10.78631298	0.823093923	713.5900345	439.9999238	1.621795814
9.414892788	-4.306586962	-6.860739875	10.85042178	0.823623183	712.906534	439.7924963	1.621006588
9.473740889	-4.337790739	-6.905765814	10.91967114	0.824168728	712.5375145	439.6894858	1.620547085
9.517625603	-4.368994516	-6.94331006	10.97395711	0.824714273	712.0473767	439.6475586	1.619586787
9.574985252	-4.399732565	-6.987358908	11.04156277	0.825251675	711.5823945	439.4015575	1.619435303
9.619106541	-4.430004886	-7.024555714	11.09577484	0.825780935	711.3269239	439.2556746	1.619391541
9.674169438	-4.461208663	-7.06768905	11.16123899	0.82632648	710.6386893	439.0863331	1.618448664
9.721888643	-4.491480984	-7.106684814	11.21904897	0.82685574	710.3378868	438.9862296	1.618132504
9.768050394	-4.521287577	-7.144668986	11.27514625	0.827376858	709.8486175	438.9441818	1.617172859
9.816262465	-4.552957083	-7.184609774	11.33391483	0.827930545	709.6022416	438.8422245	1.616987158
9.871709796	-4.582297948	-7.227003872	11.39914245	0.82844352	708.8991971	438.6367634	1.616141774
9.920523162	-4.613035997	-7.266779579	11.45820183	0.828980923	708.5272565	438.5948992	1.615448009
9.973210449	-4.643774046	-7.308492247	11.52113513	0.829518325	708.1755905	438.4877162	1.615040888
10.02845078	-4.673114911	-7.350782843	11.58615575	0.8300313	707.4665876	438.3325959	1.613994931
10.08205479	-4.702921504	-7.392488148	11.64969529	0.830552418	707.0211724	438.1342571	1.613708951
10.1271421	-4.732728097	-7.429935097	11.70471813	0.831073535	706.5077344	437.9628651	1.613168126
10.18084469	-4.762068962	-7.471456824	11.76820101	0.831586511	706.0227244	437.7606291	1.612805441
10.23003263	-4.791409827	-7.510721228	11.82716924	0.832099486	705.5733089	437.631148	1.612255691
10.2766971	-4.821682148	-7.549189625	11.88392449	0.832628746	705.0870547	437.5501132	1.611442972
10.32536261	-4.850557285	-7.587959947	11.94221504	0.833133578	704.7124179	437.3748753	1.611232052
10.36915861	-4.880829606	-7.624994107	11.99610181	0.833662838	704.2405818	437.2275536	1.610695794
10.42818414	-4.911101927	-7.669643034	12.06521812	0.834192098	703.8004471	437.171767	1.609894554
10.48661823	-4.94090852	-7.713763377	12.13358774	0.834713216	702.9402027	436.8757179	1.609016418
10.54153327	-4.970249385	-7.755891328	12.19828307	0.835226191	702.320979	436.679103	1.608322849
10.58587142	-4.999124522	-7.792497972	12.25224626	0.835731024	701.905468	436.4794633	1.608106513
10.63490165	-5.028465387	-7.831683518	12.31105678	0.836243999	701.2492885	436.3318298	1.607146764
10.68506547	-5.056409068	-7.870737267	12.37053515	0.836732546	700.8615387	436.2132749	1.606694658
10.74879293	-5.085284205	-7.917038568	12.44388767	0.837237379	700.1773729	435.9548566	1.606077699
10.80850847	-5.11462507	-7.961566772	12.5133835	0.837750354	699.6554558	435.8012083	1.605446342
10.85651354	-5.143034479	-7.99977401	12.57085837	0.838247044	698.9231769	435.5474043	1.604700591
10.90224157	-5.171909616	-8.037075594	12.62621144	0.838751877	698.422847	435.3403077	1.604314681
10.95328269	-5.200784752	-8.077033721	12.68687761	0.83925671	697.9310477	435.1254416	1.603976649
11.00312121	-5.228728433	-8.115924824	12.74603069	0.839745257	697.2387423	434.8544351	1.603384227
11.04972654	-5.258069298	-8.153897922	12.80241631	0.840258232	696.8372711	434.7505644	1.602843856
11.0971106	-5.286012979	-8.191561791	12.85911493	0.84074678	696.2064774	434.6317988	1.601830513
11.14881216	-5.314422388	-8.231617273	12.92028629	0.84124347	695.5475213	434.4323068	1.601049256
11.20189374	-5.342831797	-8.272362767	12.98283767	0.841740161	694.8781988	434.2392343	1.60021975
11.25373329	-5.371241206	-8.31248725	13.04414703	0.842236851	694.194183	434.022416	1.599443156
11.29944161	-5.398719159	-8.349080385	13.09901466	0.842717256	693.854394	433.868095	1.599228895
11.35349906	-5.426197112	-8.389848087	13.16223143	0.843197661	693.085411	433.6528253	1.598249499
11.40455004	-5.454140793	-8.429345414	13.22259697	0.843686209	692.5770786	433.5134162	1.597590877
11.45581787	-5.482084474	-8.468951172	13.28317936	0.844174757	691.8773586	433.3111132	1.596721934
11.51500112	-5.509562427	-8.512281773	13.35152193	0.844655162	691.2018481	433.024971	1.596217064
11.5661901	-5.537506108	-8.551848101	13.41202546	0.84514371	690.7014864	432.8785898	1.595600944
11.60973966	-5.564984061	-8.587361861	13.46473435	0.845624115	689.8522639	432.5960076	1.594680144
11.66738517	-5.592927742	-8.630156456	13.53169442	0.846112663	689.277512	432.4242557	1.593984387
11.72514897	-5.619474239	-8.672311604	13.59830705	0.846576783	688.4399273	432.0847448	1.593298388
11.76901397	-5.646952192	-8.70798308	13.65133137	0.847057188	687.9599303	431.8739768	1.592964539
11.81632902	-5.673964417	-8.74514672	13.7076505	0.847529451	687.2018607	431.5909239	1.592252808
11.86896702	-5.701442369	-8.785204697	13.76944781	0.848009856	686.5639242	431.4695314	1.591222263
11.92958944	-5.727523138	-8.828556289	13.83876382	0.848465834	685.7339932	431.2336177	1.590168217
11.97641163	-5.755001091	-8.865706361	13.89474533	0.848946239	684.9130326	430.9490232	1.589313343
12.02520528	-5.781547588	-8.903376435	13.95238781	0.84941036	684.5006269	430.8219216	1.58882497
12.08099762	-5.808094085	-8.944545852	14.01702898	0.84987448	683.4944737	430.5476732	1.587500099
12.13304418	-5.834640582	-8.983842381	14.07792437	0.8503386	682.7388858	430.2653656	1.586785599
12.18578075	-5.861187079	-9.023483916	14.13950978	0.850802721	681.9540565	430.0346108	1.585812024
12.22935003	-5.886336392	-9.057843213	14.19146216	0.851242414	681.2581597	429.8023172	1.585049993
12.28267804	-5.911951433	-9.097314739	14.25332852	0.851690249	680.4759446	429.5623129	1.584114631
12.33580891	-5.937566474	-9.136687691	14.31499773	0.852138084	679.6307773	429.2504734	1.583296512
12.38953121	-5.963647242	-9.176589227	14.37741363	0.852594062	678.7950411	428.9611997	1.582415942
12.43507195	-5.988796555	-9.211934255	14.43133747	0.853033755	678.1024609	428.8519556	1.581204078
12.48554135	-6.01348014	-9.249510744	14.49003473	0.853465306	677.3183925	428.5913375	1.580336169
12.53344784	-6.038163725	-9.285805783	14.54616908	0.853896856	676.2951926	428.2401499	1.579242845
12.59140878	-6.063778766	-9.327593775	14.61266837	0.854344692	675.375828	427.903414	1.578337087
12.64808828	-6.088928079	-9.368508179	14.67773097	0.854784384	674.7697875	427.6806665	1.577742087
12.70082485	-6.11454312	-9.407683986	14.73900589	0.85523222	673.6818094	427.3793891	1.576308607
12.75099853	-6.139226704	-9.445112615	14.79740743	0.85566377	672.7984985	427.0741752	1.575366851
12.80324223	-6.165307473	-9.484274853	14.85834472	0.856119748	671.6811793	426.6921884	1.574158603
12.85420449	-6.189991058	-9.522097775	14.91753484	0.856551299	670.6483182	426.3483934	1.573005384
12.90082954	-6.214208915	-9.557519225	14.97223251	0.856974707	669.5963322	426.0680044	1.571571499
12.9565233	-6.237961044	-9.597242172	15.03584365	0.857389972	668.5753827	425.7384649	1.570389894
13.01103419	-6.261247444	-9.636140816	15.09811667	0.857797095	667.6318683	425.4035541	1.569408299
13.0603207	-6.283602389	-9.671961547	15.15485483	0.858187934	666.3972693	424.9815721	1.568061566
13.10546715	-6.305491606	-9.70547938	15.20729769	0.858570629	665.4638934	424.7517428	1.566712567
13.15751371	-6.328778007	-9.743145861	15.26710638	0.858977752	664.1646119	424.34934	1.565136432
13.21389749	-6.35159868	-9.782748085	15.33109705	0.859376733	663.1656234	424.0164258	1.564009277
13.26190256	-6.375350808	-9.818626683	15.38701949	0.859791998	662.0253078	423.5956726	1.5628708
13.31020334	-6.397240025	-9.853721684	15.44261668	0.860174694	660.7592881	423.234064	1.561214808
13.3710229	-6.420060698	-9.895541801	15.51104314	0.860573675	659.7618399	422.9021553	1.560081526
13.41794367	-6.441949915	-9.929946792	15.56526031	0.860956371	658.5489126	422.4981742	1.558702387
13.47541175	-6.463839131	-9.969625439	15.63002479	0.861339066	657.4090082	422.1075111	1.557444468
13.52174107	-6.486194076	-10.00396757	15.68380576	0.861729904	656.0964175	421.6503128	1.556020232
13.57506908	-6.507617565	-10.04134332	15.74427494	0.862104458	654.9534334	421.2290801	1.554862815
13.62780566	-6.529041054	-10.07842335	15.80415267	0.862479011	653.9038466	420.9092529	1.553550658
13.68202082	-6.550464542	-10.11624268	15.86550901	0.862853564	652.4378027	420.4915826	1.551607285
13.72943445	-6.571888031	-10.15066124	15.9200638	0.863228117	651.5184335	420.1854542	1.550549709
13.77497519	-6.591914336	-10.18344477	15.97227997	0.863578243	650.2725216	419.7294202	1.549266004
13.82741605	-6.612872096	-10.22014407	16.03170675	0.863944654	648.9225708	419.2389526	1.547858487
13.88744703	-6.633364129	-10.26040558	16.0985684	0.864302922	647.4802008	418.8084396	1.546005619
13.93702926	-6.653856162	-10.29544271	16.15498132	0.864661191	646.1894598	418.4489576	1.54424918
13.99952456	-6.67295101	-10.33623779	16.22384157	0.864995032	644.78797	417.9821223	1.542620929
14.0480225	-6.693908771	-10.37096563	16.27932542	0.865361442	643.7114874	417.6133378	1.54140548
14.09908333	-6.713469348	-10.40627634	16.33690644	0.865703426	642.6965795	417.2351252	1.540370263
14.14511693	-6.733029924	-10.43907343	16.38946024	0.866045409	641.4749922	416.8584564	1.538831664
14.18740477	-6.752124773	-10.46976477	16.43811302	0.86637925	640.4751439	416.4741586	1.537850862
14.24408426	-6.772151078	-10.50811767	16.50146795	0.866729376	639.2843475	416.1275855	1.536270052
14.30027089	-6.792643111	-10.546457	16.56448526	0.867087644	638.0562796	415.8398455	1.534379849
14.34748737	-6.812669415	-10.58007839	16.61837718	0.86743777	636.6545819	415.363066	1.532766474
14.39933679	-6.832229992	-10.61578339	16.67674678	0.867779754	635.1755437	414.8498112	1.531097584
14.45473483	-6.849927656	-10.65233124	16.73804405	0.868089167	634.021565	414.3943047	1.529995847
14.50441564	-6.866693865	-10.68555475	16.7933136	0.868382296	632.3108006	413.8242139	1.527969557
14.55054782	-6.883925802	-10.71723681	16.84518975	0.868683567	631.3330806	413.5488302	1.526622818
14.6018058	-6.901157738	-10.75148177	16.90219171	0.868984838	629.7763226	413.1005939	1.524510814
14.65740099	-6.918389675	-10.78789533	16.96353088	0.869286109	628.8566916	412.6628872	1.523899316
14.71279903	-6.935621611	-10.82421032	17.0246729	0.86958738	627.5549969	412.198708	1.522457457
14.76652134	-6.951456364	-10.85898885	17.08367346	0.869864224	625.750123	411.6175713	1.520222086
14.81610357	-6.968222572	-10.89216307	17.13884443	0.870157352	624.4265833	411.2269964	1.518447448
14.86647439	-6.984057325	-10.92526586	17.1944935	0.870434196	622.8849847	410.8043832	1.51625691
14.91576091	-6.99942635	-10.95759363	17.24890303	0.870702897	621.6138167	410.3503796	1.514836705
14.97037037	-7.01572683	-10.9930486	17.30894598	0.870987884	620.1200076	409.8828062	1.512920274
15.03030277	-7.030630127	-11.03046645	17.37384615	0.871248442	618.5972614	409.3346581	1.511226204
15.07653353	-7.045533423	-11.06103347	17.42504467	0.871509001	616.9574613	408.8083001	1.5091608
15.11596274	-7.06043672	-11.08819973	17.46944165	0.87176956	615.3063701	408.2074954	1.507337266
15.17126221	-7.074874288	-11.12306825	17.52955364	0.872021976	613.6928472	407.6592054	1.505406573
15.22084445	-7.088846129	-11.15484529	17.58379316	0.87226625	611.5256625	406.9976185	1.502528847
15.27772109	-7.101886513	-11.1898038	17.64501659	0.872494239	609.4072601	406.3024254	1.499885854
15.32720475	-7.115392625	-11.22129869	17.69900229	0.87273037	607.8084045	405.7999185	1.49780317
15.36840828	-7.127501554	-11.24795492	17.74424213	0.872942074	606.0454529	405.161909	1.495810538
15.42666494	-7.139610482	-11.28313771	17.8065351	0.873153778	603.7121696	404.3230119	1.493143234
15.48265442	-7.152185139	-11.31741978	17.86671614	0.873373625	601.7833389	403.7505053	1.490483185
15.53450384	-7.164294067	-11.34939895	17.92260186	0.873585329	599.6408522	403.0163471	1.487882208
15.59483053	-7.175005811	-11.38491817	17.98649914	0.873772606	597.138916	402.1519233	1.484859033
15.64520135	-7.185251828	-11.41522659	18.0402853	0.87395174	594.3261362	401.1937601	1.481394267
15.69616361	-7.195963572	-11.44606359	18.09481814	0.874139016	591.8503564	400.5710841	1.477516426
15.74485869	-7.204812405	-11.47483555	18.14646283	0.874293723	589.6200824	399.8082375	1.474757214
15.79779241	-7.214592693	-11.50619255	18.20265664	0.874464715	587.0409567	398.8568659	1.471808578
15.85654194	-7.223441525	-11.53999173	18.26435578	0.874619422	585.2246247	398.2822769	1.469371495
15.90651847	-7.231358901	-11.56893868	18.31697143	0.874757843	583.1679226	397.5765495	1.46680664
15.95679071	-7.239742006	-11.59826636	18.37003805	0.874904408	581.2784988	396.9366206	1.464411366
16.00006427	-7.247659382	-11.62386183	18.41595074	0.87504283	579.1415408	396.2644573	1.461502616
16.05240656	-7.25511103	-11.65375879	18.4707769	0.875173109	577.4087786	395.6667099	1.45933121
16.10149593	-7.26209695	-11.68179644	18.52219491	0.875295246	575.910437	395.1573877	1.457420397
16.14693809	-7.269082871	-11.70801048	18.56996572	0.875417383	574.9613652	394.8099294	1.456299151
16.20627906	-7.275137335	-11.7407082	18.63132484	0.875523235	573.9459008	394.5830183	1.454563106
16.25211552	-7.282123255	-11.76711939	18.67948994	0.875645372	572.8652472	394.2737334	1.452963255
16.31411796	-7.288643447	-11.8013807	18.74366577	0.875759366	572.5137359	394.14677	1.452539459
16.3596587	-7.29516364	-11.82741117	18.79137991	0.875873361	571.4544247	393.7730962	1.4512277
16.40884664	-7.301218104	-11.85503237	18.84258601	0.875979213	570.4502237	393.4582766	1.449836635
16.4587246	-7.307272568	-11.88299858	18.89448212	0.876085065	570.138928	393.3752453	1.449351312
16.5077154	-7.313327032	-11.91052121	18.94549107	0.876190917	569.3668992	393.0775824	1.448484789
16.5588748	-7.318915768	-11.93889528	18.99851339	0.876288626	568.7437011	392.8903377	1.447588924
16.61683574	-7.324504505	-11.97067012	19.05833725	0.876386336	567.8911502	392.6061541	1.446465228
16.66326364	-7.330558969	-11.99691131	19.1067833	0.876492188	567.7261985	392.6113222	1.446026048
16.71876026	-7.336147705	-12.02745398	19.16414283	0.876589897	567.3185909	392.516265	1.44533779
16.76292098	-7.341270713	-12.05209585	19.21001122	0.876679464	566.8991876	392.3052889	1.445045998
16.81486897	-7.346859449	-12.08086421	19.26382212	0.876777174	566.3710909	392.0991396	1.444458897
16.86937985	-7.351982458	-12.11068116	19.32004067	0.876866741	565.72162	391.8013533	1.443899096
16.9236936	-7.357105466	-12.14039953	19.37606208	0.876956308	564.6096466	391.5420265	1.442015437
16.97081151	-7.362228474	-12.16651999	19.42488766	0.877045875	564.6427805	391.6349412	1.441757926
17.01901372	-7.367351482	-12.1931826	19.47479755	0.877135442	564.1816402	391.4609857	1.441220609
17.07076456	-7.372008762	-12.22138666	19.52810082	0.877216867	563.6458203	391.1805951	1.440883897
17.12428972	-7.376200314	-12.25024502	19.58302316	0.877290149	563.115814	391.0954253	1.439842498
17.18087064	-7.381323322	-12.28109698	19.64131175	0.877379716	562.2038971	390.812023	1.438553228
17.22463707	-7.385980603	-12.30530883	19.6866306	0.877461141	561.9582344	390.6690815	1.438450753
17.27303643	-7.390172155	-12.33160429	19.73642714	0.877534423	561.3501458	390.4458973	1.43771557
17.32892734	-7.393897979	-12.36141266	19.79356	0.877599563	560.60318	390.2278457	1.436604759
17.37998817	-7.398555259	-12.38927171	19.84617325	0.877680987	560.7017075	390.2507312	1.436772984
17.43223187	-7.402746811	-12.41748934	19.89981414	0.877754269	560.8696505	390.2963452	1.437035364
17.48516559	-7.406472635	-12.44581911	19.95398981	0.877819409	560.3093046	390.1401722	1.436174341
17.53662072	-7.410664187	-12.47364245	20.00684211	0.877892691	560.0286577	390.0567442	1.435762017
17.58541437	-7.415321468	-12.50036792	20.05718819	0.877974116	559.5598356	389.8903492	1.435172316
17.63677092	-7.419978748	-12.52837483	20.11009717	0.87805554	559.9711313	390.0474438	1.435648766
17.68970464	-7.423704572	-12.5567046	20.16427283	0.87812068	559.9610789	390.034136	1.435671977
17.73800542	-7.427430396	-12.58271791	20.21381556	0.87818582	559.8465343	389.9658374	1.43562969
17.79143201	-7.43115622	-12.61129411	20.26848408	0.87825096	559.3656936	389.7852332	1.435061275
17.84367572	-7.4358135	-12.63974461	20.32228022	0.878332384	559.6327561	389.894332	1.435344682
17.89690515	-7.440005052	-12.6684551	20.37690684	0.878405666	560.127657	390.069256	1.435969763
17.94767027	-7.444196605	-12.69593344	20.42906913	0.878478948	560.2176283	390.0690474	1.436201185
17.99843538	-7.448853885	-12.72364463	20.48138667	0.878560373	560.1169586	389.9950889	1.436215416
18.04801761	-7.453045437	-12.75053153	20.53236609	0.878633655	560.1389843	390.0826608	1.435949455
18.09730413	-7.456771261	-12.7770377	20.58289455	0.878698795	561.019533	390.447516	1.436862856
18.15023785	-7.461894269	-12.80606606	20.63753594	0.878788362	561.3643103	390.5623598	1.437323122
18.20080581	-7.466085821	-12.83344582	20.68950109	0.878861644	561.2576134	390.5062241	1.437256511
18.2505852	-7.47120883	-12.86089701	20.74098814	0.878951211	561.7870274	390.6125045	1.438220797
18.30243461	-7.475400382	-12.8889175	20.79423474	0.879024493	561.939606	390.592435	1.438685329
18.35339687	-7.480057662	-12.91672727	20.84674942	0.879105918	562.3192974	390.7394868	1.439115616
18.40435913	-7.48518067	-12.9447699	20.89941935	0.879195485	562.8598249	390.9298656	1.439797453
18.44842127	-7.48983795	-12.96912961	20.94503392	0.87927691	563.5761143	391.1479768	1.440825845
18.50105927	-7.494960958	-12.99801012	20.99937959	0.879366477	563.4315679	391.1201186	1.4405589
18.55842878	-7.499618239	-13.02902351	21.05830153	0.879447901	563.8450449	391.3187523	1.440884296
18.60998248	-7.504275519	-13.057129	21.11140765	0.879529326	563.9923581	391.3583097	1.441115071
18.66705626	-7.509398527	-13.08822739	21.1701891	0.879618893	564.12058	391.3599103	1.441436808
18.71486418	-7.514521535	-13.11469286	21.21970469	0.87970846	564.7807759	391.6105846	1.442199976
18.76750218	-7.519178815	-13.1433405	21.27389512	0.879789885	564.7769664	391.5991938	1.442232199
18.82122449	-7.524301823	-13.17276315	21.32932509	0.879879452	565.2155929	391.7358556	1.442848758
18.87405963	-7.528959104	-13.20150937	21.38371267	0.879960877	565.4687864	391.8102145	1.443221145
18.92413473	-7.53454784	-13.22934129	21.43565068	0.880058586	565.6687421	391.8361364	1.443635973
18.96928118	-7.540136576	-13.25470888	21.48266004	0.880156296	565.7764067	391.8515366	1.443853995
19.01975058	-7.545259584	-13.28250508	21.5348371	0.880245863	566.3523814	392.0135751	1.444726452
19.06883995	-7.55084832	-13.30984413	21.58578939	0.880343572	566.786312	392.2487337	1.444966582
19.12285797	-7.556437056	-13.33964751	21.64167032	0.880441282	566.689175	392.1966047	1.444910966
19.17362308	-7.561560065	-13.36759157	21.6941431	0.880530849	567.030743	392.3299647	1.445290429
19.22379675	-7.567148801	-13.39547278	21.74617969	0.880628558	567.328755	392.450118	1.445607299
19.2715061	-7.573203265	-13.42235468	21.79590719	0.88073441	567.0724656	392.2837202	1.445567166
19.31882116	-7.578326273	-13.44857372	21.84492992	0.880823977	567.6129627	392.4742529	1.446242546
19.37264203	-7.584380737	-13.47851139	21.90076895	0.880929829	567.3719177	392.4537286	1.445703981
19.42370287	-7.589969474	-13.50683617	21.95369269	0.881027539	567.8301738	392.6574956	1.446120805
19.48195953	-7.596023938	-13.53899173	22.01396751	0.881133391	567.8219246	392.6552379	1.446108112
19.53627327	-7.601612674	-13.56894297	22.07014416	0.881231101	567.9095204	392.6036325	1.446521309
19.59936001	-7.607667138	-13.60351357	22.13524906	0.881336953	567.535203	392.489063	1.445989854
19.64953368	-7.613255874	-13.63139478	22.18728564	0.881434662	567.7610636	392.5846739	1.446213012
19.70059452	-7.619776067	-13.66018529	22.24051987	0.881548657	567.6227211	392.5791257	1.445881057
19.74593811	-7.624433347	-13.68518573	22.28741589	0.881630081	567.3289812	392.4408104	1.445642161
19.79542177	-7.631419267	-13.71342052	22.3392282	0.881752218	567.7998206	392.5975109	1.446264444
19.85298843	-7.636542275	-13.74476535	22.39850252	0.881841785	567.6655215	392.5631935	1.446048766
19.90434498	-7.643528195	-13.77393659	22.45218771	0.881963922	567.6820728	392.5382656	1.446182761
19.95895444	-7.648651204	-13.80380282	22.50850484	0.882053489	567.6848403	392.5495551	1.44614822
20.00774809	-7.655171396	-13.83145974	22.55947189	0.882167484	568.2105563	392.7040598	1.446917958
20.05397884	-7.661691588	-13.85783521	22.60787604	0.882281478	568.351675	392.8823443	1.446620555
20.10306821	-7.667746052	-13.88540713	22.65898356	0.88238733	568.569188	392.9047357	1.447091716
20.15521335	-7.673800516	-13.91450693	22.71314685	0.882493182	568.3484805	392.7795775	1.446990916
20.2050913	-7.680320709	-13.942706	22.7651982	0.882607177	568.6513957	392.8503502	1.447501308
20.25437782	-7.686840901	-13.97060936	22.81665812	0.882721171	568.2366187	392.7529032	1.446804375
20.30632581	-7.692895365	-13.99961059	22.87062426	0.882827023	568.7224204	392.9354071	1.447368728
20.36103384	-7.699881285	-14.03045756	22.92766093	0.88294916	568.8551072	393.0095071	1.447433451
20.41268611	-7.706401478	-14.05954379	22.9814866	0.883063155	569.2656653	393.1468518	1.447972082
20.45980402	-7.713387398	-14.08659571	23.03093315	0.883185291	569.6252454	393.2163528	1.448630611
20.51096342	-7.720373318	-14.11566837	23.08442119	0.883307428	569.5702979	393.228892	1.448444683
20.56665719	-7.727359238	-14.14700821	23.1424436	0.883429565	569.7434614	393.3167301	1.448561472
20.61170506	-7.733413702	-14.17255938	23.18950963	0.883535417	569.7144727	393.3779962	1.448262176
20.66207588	-7.741331079	-14.20170348	23.24251957	0.883673839	570.1946849	393.517907	1.448967569
20.71540389	-7.748316999	-14.23186045	23.29817623	0.883795976	570.2810456	393.5263699	1.449155862
20.77218196	-7.755768647	-14.2639753	23.35743818	0.883926255	570.5852667	393.6577299	1.449445098
20.82698857	-7.762754567	-14.29487157	23.41457342	0.884048392	570.3703613	393.5870788	1.449159264
20.87647223	-7.770206216	-14.32333922	23.46654097	0.884178672	570.6315307	393.5826362	1.44983919
20.92763163	-7.777657864	-14.35264475	23.52018425	0.884308951	570.6560677	393.5909792	1.449870799
20.98164966	-7.785109512	-14.38337958	23.57668616	0.884439231	570.5945073	393.6515091	1.449491477
21.02985187	-7.793026888	-14.41143938	23.6275275	0.884577652	570.9178478	393.7789573	1.449843465
21.08248987	-7.800478537	-14.4414842	23.68264938	0.884707932	570.9154439	393.809339	1.449725508
21.12803061	-7.807930185	-14.4679804	23.73067401	0.884838211	571.0502017	393.7831652	1.45016408
21.18904732	-7.816313289	-14.5026803	23.79448508	0.884984776	571.0025849	393.716688	1.450287992
21.23784097	-7.824230666	-14.53103582	23.84591786	0.885123197	571.5051554	393.9149025	1.450834055
21.29935054	-7.833079498	-14.56621502	23.91037704	0.885277904	571.6005502	393.9059707	1.451109129
21.3513971	-7.841462602	-14.59642985	23.96521797	0.885424468	571.6802042	394.0139001	1.450913798
21.40127506	-7.850311434	-14.62579325	24.01804554	0.885579175	571.5718035	393.9367905	1.450922628
21.44868869	-7.858228811	-14.65345875	24.06809829	0.885717597	571.2710287	393.8870552	1.450342227
21.49718662	-7.867077643	-14.68213213	24.11954583	0.885872304	571.6731222	394.0519414	1.450755756
21.54745887	-7.875926475	-14.71169267	24.17276769	0.886027011	571.7608259	394.050403	1.45098399
21.6010826	-7.885241036	-14.74316182	24.22949628	0.88618986	571.3421266	393.8804735	1.450546968
21.65293201	-7.89362414	-14.77327808	24.28414006	0.886336424	571.4055258	393.8914856	1.450667371
21.70024707	-7.902472972	-14.80136002	24.33440473	0.886491131	571.2348477	393.8447959	1.450405981
