eps1        epsv      eps3             epsq       Void ratio    q           p          eta = q/p  
[%]         [%]       [%]              [%]        [%]           [kPa]       [kPa]      [-]

-0.00036077	0	0.000180385	-0.00036077	0.752638972	2.50	402.27	0.01
0.000733045	0.000930112	9.85332E-05	0.000423008	0.752622671	3.82506742	402.7924195	0.009496374
0.011752652	0.004650559	-0.003551047	0.010202466	0.752557465	9.351895403	404.4015845	0.023125269
0.042623841	0.015346844	-0.013638498	0.037508226	0.752369998	28.23675403	410.6558893	0.068760134
0.098309507	0.038134583	-0.030087462	0.085597979	0.751970611	68.5298314	424.1068291	0.161586248
0.153995173	0.062782545	-0.045606314	0.133067658	0.751538621	111.4367081	438.3891254	0.254195877
0.209680839	0.090220843	-0.059729998	0.179607225	0.751057727	154.3011116	452.6977479	0.340847977
0.265366505	0.116263972	-0.074551266	0.226611848	0.750601285	197.168502	467.04744	0.422159475
0.321052171	0.142307102	-0.089372535	0.273616471	0.750144843	238.4292072	480.8509574	0.495848461
0.376737837	0.16742012	-0.104658859	0.320931131	0.749704702	279.0113678	494.2875833	0.564471731
0.432423504	0.188812691	-0.121805406	0.36948594	0.749329768	315.6251544	506.5329088	0.623108882
0.48810917	0.211135374	-0.138486898	0.417730712	0.748938531	350.9151612	518.3363184	0.677002843
0.543794836	0.232062889	-0.155865974	0.46644054	0.748571748	386.1759365	530.1004412	0.728495784
0.599480502	0.251595236	-0.173942633	0.515615423	0.748229416	420.6555436	541.6035185	0.776685397
0.655166168	0.269732416	-0.192716876	0.565255363	0.747911537	453.6531933	552.5522941	0.821014044
0.710851834	0.288799707	-0.211026063	0.614585265	0.747577356	485.2304369	563.11787	0.861685382
0.7665375	0.303681496	-0.231428002	0.665310335	0.747316532	515.3882391	573.0798737	0.899330552
0.822223167	0.31902834	-0.251597413	0.715880387	0.747047557	544.7742513	582.8241141	0.934714673
0.877908833	0.330654737	-0.273627048	0.767690587	0.746843789	572.5918171	592.167811	0.966941814
0.933594499	0.343211246	-0.295191626	0.81919075	0.746623718	599.2420861	600.818615	0.997376032
0.989280165	0.3553027	-0.316988733	0.870845932	0.746411799	624.8931496	609.3690515	1.025475692
1.044965831	0.365068873	-0.339948479	0.923276207	0.746240633	649.3592825	617.5345502	1.051535145
1.100651497	0.372974823	-0.363838337	0.976326556	0.74610207	672.7930123	625.3154304	1.075925812
1.156337163	0.380415718	-0.387960723	1.029531924	0.745971658	695.2042006	632.8259005	1.098571029
1.21202283	0.385531332	-0.413245749	1.083512385	0.745882	716.9789088	640.1448626	1.12002603
1.267708496	0.391577059	-0.438065718	1.137182809	0.74577604	737.4190872	646.9985754	1.139753804
1.323394162	0.39483245	-0.464280856	1.191783345	0.745718985	757.4937657	653.7006659	1.158777718
1.379079828	0.398087841	-0.490495993	1.246383881	0.74566193	776.5027485	659.9455765	1.17661634
1.434765494	0.399948065	-0.517408715	1.301449472	0.745629327	795.2066538	666.2411016	1.193571894
1.49045116	0.400878177	-0.544786492	1.356825101	0.745613025	812.7399754	672.0750931	1.209299353
1.546136826	0.400413121	-0.572861853	1.412665786	0.745621176	829.9687246	677.8584935	1.224398208
1.601822493	0.399948065	-0.600937214	1.468506471	0.745629327	846.2845261	683.307051	1.238512796
1.657508159	0.39715773	-0.630175214	1.525122249	0.745678231	861.9909908	688.5430313	1.251905766
1.713193825	0.392972227	-0.660110799	1.582203083	0.745751588	877.4182314	693.6749958	1.264883752
1.768879491	0.387391556	-0.690743967	1.639748972	0.745849397	892.0214668	698.5632289	1.276937333
1.824565157	0.379950662	-0.722307248	1.697914936	0.745979809	906.4157947	703.1584262	1.289063404
1.880250823	0.372044712	-0.754103056	1.756235919	0.746118372	919.8719768	707.7355653	1.299739651
1.935936489	0.362278538	-0.786828976	1.815176977	0.746289537	933.5397186	712.2403002	1.310708926
1.991622155	0.353442476	-0.81908984	1.873807997	0.746444402	946.3332737	716.5765676	1.320631062
2.047307822	0.345536526	-0.850885648	1.93212898	0.746582964	958.7975232	720.6901774	1.330387944
2.102993488	0.337630576	-0.882681456	1.990449963	0.746721527	971.0969828	724.8508053	1.33971981
2.158679154	0.32925957	-0.914709792	2.048925964	0.746868241	982.7838106	728.7468245	1.348594296
2.21436482	0.320423508	-0.946970656	2.107556984	0.747023105	994.0067584	732.4667451	1.357067423
2.270050486	0.31112239	-0.979464048	2.166343023	0.74718612	1004.938812	736.212055	1.36501271
2.325736152	0.300891161	-1.012422496	2.225439099	0.747365437	1015.944511	739.8305903	1.37321236
2.381421818	0.290659931	-1.045380944	2.284535175	0.747544753	1025.976176	743.1646036	1.38055038
2.437107485	0.278103422	-1.079502031	2.344406344	0.747764823	1036.3869	746.654677	1.388040458
2.492793151	0.266477025	-1.113158063	2.403967476	0.747968592	1045.859477	749.8735028	1.39471454
2.548478817	0.25345546	-1.147511679	2.463993664	0.748196813	1055.744897	753.1177097	1.40183252
2.604164483	0.241829063	-1.18116771	2.523554795	0.748400582	1064.993304	756.2614839	1.408234224
2.659850149	0.228342442	-1.215753854	2.583736002	0.748636954	1074.012198	759.267864	1.41453662
2.715535815	0.213925709	-1.250805053	2.644227246	0.748889627	1082.689233	762.1296821	1.420610244
2.771221481	0.199508977	-1.285856252	2.704718489	0.7491423	1090.961664	764.7663629	1.426529351
2.826907148	0.185092244	-1.320907452	2.765209733	0.749394974	1098.854774	767.3566697	1.43200003
2.882592814	0.1697454	-1.356423707	2.826011014	0.749663948	1107.042813	770.0758949	1.437576244
2.93827848	0.154398555	-1.391939962	2.886812295	0.749932923	1114.778789	772.7154436	1.442676988
2.993964146	0.138121599	-1.427921273	2.947923613	0.750218199	1122.418981	775.2923733	1.447736389
3.049649812	0.121844643	-1.463902585	3.009034931	0.750503476	1129.949505	777.8331569	1.452688786
3.105335478	0.105102631	-1.500116424	3.070301268	0.750796903	1137.024411	780.181584	1.457384325
3.161021144	0.087430507	-1.536795319	3.131877642	0.751106631	1144.369161	782.5889401	1.462286397
3.216706811	0.070688495	-1.573009158	3.193143979	0.751400058	1150.934625	784.8381539	1.466461103
3.272392477	0.053016371	-1.609688053	3.254720353	0.751709787	1157.794403	787.2061245	1.470763967
3.328078143	0.03394908	-1.647064531	3.316761783	0.752043968	1164.019732	789.2514455	1.474840165
3.383763809	0.0158119	-1.683975954	3.378493176	0.752361847	1170.609231	791.4680229	1.479035409
3.439449475	-0.003255391	-1.721352433	3.440534606	0.752696028	1176.81321	793.5161018	1.483036333
3.495135141	-0.022787739	-1.75896144	3.502731054	0.753038359	1182.637844	795.4576465	1.486738922
3.550820807	-0.042785142	-1.796802975	3.565082521	0.753388841	1188.47111	797.4427168	1.490352956
3.606506474	-0.062782545	-1.834644509	3.627433989	0.753739324	1193.979889	799.2688552	1.493840128
3.66219214	-0.08371006	-1.8729511	3.690095493	0.754106107	1199.685352	801.0383654	1.497662789
3.717877806	-0.103707463	-1.910792635	3.75244696	0.75445659	1204.595202	802.736446	1.500611076
3.773563472	-0.124634978	-1.949099225	3.815108465	0.754823374	1210.281218	804.6526008	1.504104028
3.829249138	-0.144632382	-1.98694076	3.877459932	0.755173856	1215.052443	806.1313501	1.507263603
3.884934804	-0.166490008	-2.025712406	3.940431474	0.755556941	1220.298319	807.9601234	1.510344736
3.94062047	-0.187882579	-2.064251525	4.003247997	0.755931876	1225.179379	809.6990483	1.513129331
3.996306136	-0.20927515	-2.102790643	4.06606452	0.75630681	1230.027527	811.2747776	1.51616636
4.051991803	-0.230667721	-2.141329762	4.128881043	0.756681745	1234.698648	812.8623449	1.518951709
4.107677469	-0.252990404	-2.180333936	4.192007603	0.757072981	1239.205662	814.4458149	1.521532359
4.163363135	-0.275778143	-2.219570639	4.255289182	0.757472368	1243.53058	815.9273644	1.524070198
4.219048801	-0.298565881	-2.258807341	4.318570761	0.757871754	1247.967203	817.4670467	1.526626924
4.274734467	-0.32135362	-2.298044043	4.38185234	0.758271141	1251.964346	818.7793496	1.529061946
4.330420133	-0.34507147	-2.337745802	4.445443957	0.758686829	1256.181534	820.2767421	1.531411864
4.386105799	-0.367859209	-2.376982504	4.508725536	0.759086216	1260.211004	821.5594187	1.533925575
4.441791466	-0.390646947	-2.416219206	4.572007115	0.759485603	1263.492059	822.6830567	1.535818744
4.497477132	-0.415294909	-2.456386021	4.635908768	0.759917593	1267.960724	824.1823226	1.538446881
4.553162798	-0.438547704	-2.495855251	4.699345366	0.76032513	1271.341128	825.2995769	1.540460171
4.608848464	-0.463660722	-2.536254593	4.763402038	0.760765271	1274.738885	826.1082087	1.543065269
4.66453413	-0.488308684	-2.576421407	4.827303691	0.761197261	1278.040397	827.3099226	1.544814539
4.720219796	-0.51249159	-2.616355693	4.891050326	0.7616211	1281.626672	828.5659917	1.546800961
4.775905462	-0.538069664	-2.656987563	4.955262017	0.762069391	1284.760008	829.7021	1.54845939
4.831591129	-0.562717626	-2.697154377	5.019163671	0.762501381	1288.136298	830.8478539	1.550387705
4.887276795	-0.587365589	-2.737321192	5.083065324	0.762933371	1291.220904	831.865689	1.552198776
4.942962461	-0.612013551	-2.777488006	5.146966978	0.76336536	1294.038258	832.8461109	1.553754338
4.998648127	-0.63805668	-2.818352404	5.211333687	0.763821802	1297.400406	833.956788	1.555716585
5.054333793	-0.662704643	-2.858519218	5.275235341	0.764253792	1299.944943	834.8454511	1.557108494
5.110019459	-0.688747772	-2.899383616	5.33960205	0.764710234	1303.175635	835.9829922	1.558854243
5.165705125	-0.714790902	-2.940248014	5.403968759	0.765166676	1305.666843	836.7938911	1.560320716
5.221390792	-0.741299088	-2.98134494	5.468490488	0.765631269	1308.429904	837.6437364	1.562036278
5.277076458	-0.766877162	-3.02197681	5.532702178	0.76607956	1310.679939	838.4541462	1.56321004
5.332762124	-0.794315459	-3.063538792	5.597533944	0.766560455	1313.702257	839.4924402	1.564876816
5.38844779	-0.820358589	-3.10440319	5.661900653	0.767016897	1315.935355	840.2268492	1.566166751
5.444133456	-0.847331831	-3.145732643	5.7265774	0.76748964	1318.268886	841.0545601	1.567399963
5.499819122	-0.874305072	-3.187062097	5.791254146	0.767962384	1320.267872	841.5800146	1.568796607
5.555504788	-0.901278314	-3.228391551	5.855930893	0.768435127	1322.144624	842.1038147	1.570049442
5.611190454	-0.927321444	-3.269255949	5.920297602	0.768891569	1324.568977	842.9832712	1.571287381
5.666876121	-0.954294685	-3.310585403	5.984974349	0.769364313	1326.53001	843.7579909	1.572168826
5.722561787	-0.981732983	-3.352147385	6.049806114	0.769845207	1328.831757	844.5466301	1.573426155
5.778247453	-1.008241169	-3.393244311	6.114327842	0.7703098	1330.67213	845.0887488	1.574594541
5.833933119	-1.036609578	-3.435271348	6.179469645	0.770806996	1333.091766	845.986547	1.575783647
5.889618785	-1.064047875	-3.47683333	6.24430141	0.77128789	1334.770101	846.576191	1.576668604
5.945304451	-1.091486173	-3.518395312	6.309133176	0.771768784	1336.537598	847.1760516	1.57763855
6.000990117	-1.11892447	-3.559957294	6.373964941	0.772249679	1338.184006	847.6841244	1.578635211
6.056675784	-1.146827824	-3.601751804	6.438951725	0.772738724	1339.936616	848.3296278	1.579499964
6.11236145	-1.175196233	-3.643778841	6.504093527	0.773235919	1341.445698	848.792007	1.580417448
6.168047116	-1.20263453	-3.685340823	6.568925293	0.773716814	1342.986373	849.2853234	1.581313531
6.223732782	-1.23100294	-3.727367861	6.634067095	0.77421401	1344.53391	849.8419809	1.582098719
6.279418448	-1.258441237	-3.768929843	6.698898861	0.774694904	1345.927079	850.3366515	1.582816731
6.335104114	-1.287274702	-3.811189408	6.764195682	0.77520025	1347.437177	850.7991236	1.58373127
6.39078978	-1.315178056	-3.852983918	6.829182466	0.775689295	1348.607705	851.3007945	1.584172966
6.446475447	-1.344011521	-3.895243484	6.894479287	0.776194642	1349.878276	851.4412585	1.585403882
6.502161113	-1.371914874	-3.937037993	6.959466071	0.776683687	1350.787161	851.8050281	1.585793834
6.557846779	-1.400748339	-3.979297559	7.024762892	0.777189034	1352.212702	852.3810904	1.586394533
6.613532445	-1.429116749	-4.021324597	7.089904695	0.777686229	1353.178289	852.7747018	1.586794597
6.669218111	-1.457950214	-4.063584162	7.155201516	0.778191576	1354.619486	853.1945388	1.58770295
6.724903777	-1.485853567	-4.105378672	7.2201883	0.778680621	1355.353943	853.4285805	1.588128138
6.780589443	-1.515152088	-4.147870766	7.285640139	0.779194118	1356.758598	853.9582628	1.58878795
6.83627511	-1.543055442	-4.189665276	7.350626923	0.779683163	1357.533131	854.2567605	1.589139464
6.891960776	-1.571888907	-4.231924841	7.415923745	0.78018851	1358.545575	854.655378	1.589582901
6.947646442	-1.601187428	-4.274416935	7.481375584	0.780702007	1359.709511	855.0024626	1.590298941
7.003332108	-1.629555837	-4.316443972	7.546517387	0.781199203	1360.30815	855.2226609	1.590589459
7.059017774	-1.658389302	-4.358703538	7.611814208	0.78170455	1361.265278	855.5418675	1.591114742
7.11470344	-1.687222767	-4.400963104	7.677111029	0.782209896	1361.898267	855.8133441	1.591349652
7.170389106	-1.716056232	-4.443222669	7.742407851	0.782715243	1362.941063	856.2114658	1.591827624
7.226074773	-1.744889698	-4.485482235	7.807704672	0.783220589	1363.660131	856.4306671	1.59225981
7.281760439	-1.774188219	-4.527974329	7.873156512	0.783734086	1364.37025	856.7390403	1.592515557
7.337446105	-1.80348674	-4.570466422	7.938608351	0.784247584	1364.963412	856.8559569	1.592990515
7.393131771	-1.831855149	-4.61249346	8.003750154	0.78474478	1365.201285	856.7526602	1.593460224
7.448817437	-1.861618726	-4.655218081	8.069357012	0.785266428	1365.464211	856.8815241	1.593527428
7.504503103	-1.891382303	-4.697942703	8.134963871	0.785788076	1365.975861	857.102679	1.593713209
7.560188769	-1.920215768	-4.740202269	8.200260692	0.786293422	1366.611434	857.3551847	1.593985152
7.615874435	-1.949049233	-4.782461834	8.265557513	0.786798769	1366.925967	857.4390491	1.594196076
7.671560102	-1.97881281	-4.825186456	8.331164372	0.787320417	1367.589643	857.7422265	1.594406339
7.727245768	-2.007646275	-4.867446021	8.396461193	0.787825763	1367.786295	857.8984559	1.594345211
7.782931434	-2.036944796	-4.909938115	8.461913033	0.788339261	1368.428629	858.1231803	1.594676219
7.8386171	-2.065313206	-4.951965153	8.527054835	0.788836456	1368.60483	858.1820781	1.594772095
7.894302766	-2.095076782	-4.994689774	8.592661694	0.789358105	1369.10025	858.38803	1.594966614
7.949988432	-2.123910248	-5.03694934	8.657958515	0.789863451	1369.085376	858.4029861	1.594921498
8.005674098	-2.153208769	-5.079441434	8.723410355	0.790376948	1369.424521	858.5972482	1.594955637
8.061359765	-2.182972346	-5.122166055	8.789017213	0.790898596	1369.574664	858.6174251	1.595093023
8.117045431	-2.212270867	-5.164658149	8.854469053	0.791412094	1369.887242	858.6812978	1.595338394
8.172731097	-2.241569388	-5.207150242	8.919920893	0.791925591	1369.904693	858.6974817	1.595328649
8.228416763	-2.270867909	-5.249642336	8.985372733	0.792439088	1369.87558	858.6871213	1.595313993
8.284102429	-2.301096542	-5.292599485	9.05113461	0.792968887	1369.742561	858.4911308	1.595523253
8.339788095	-2.329464951	-5.334626523	9.116276412	0.793466083	1369.116027	858.333219	1.595086846
8.395473761	-2.359228528	-5.377351145	9.181883271	0.793987731	1369.683573	858.563295	1.595320439
8.451159428	-2.387596937	-5.419378182	9.247025073	0.794484927	1369.63882	858.5580884	1.595277988
8.506845094	-2.416895458	-5.461870276	9.312476913	0.794998424	1369.916606	858.7214488	1.595297996
8.56253076	-2.445728923	-5.504129842	9.377773734	0.795503771	1369.683314	858.6442587	1.595169711
8.618216426	-2.475027444	-5.546621935	9.443225574	0.796017268	1369.756125	858.6177599	1.595303741
8.673902092	-2.503860909	-5.588881501	9.508522395	0.796522614	1369.744067	858.7150328	1.595108989
8.729587758	-2.532694375	-5.631141066	9.573819216	0.797027961	1369.57413	858.679367	1.594977337
8.785273424	-2.562457951	-5.673865688	9.639426075	0.797549609	1369.21199	858.5383296	1.594817543
8.840959091	-2.591291417	-5.716125254	9.704722896	0.798054956	1369.062151	858.5392344	1.594641335
8.896644757	-2.620589938	-5.758617347	9.770174736	0.798568453	1369.01631	858.5041222	1.594653159
8.952330423	-2.648958347	-5.800644385	9.835316538	0.799065649	1368.78107	858.4142758	1.594546024
9.008016089	-2.67918698	-5.843601534	9.901078416	0.799595447	1368.764663	858.4898567	1.594386529
9.063701755	-2.707090333	-5.885396044	9.966065199	0.800084493	1368.199898	858.3633118	1.593963628
9.119387421	-2.735923798	-5.92765561	10.03136202	0.800589839	1368.088585	858.2551142	1.594034876
9.175073087	-2.764757263	-5.969915175	10.09665884	0.801095186	1367.354775	857.980558	1.593689696
9.230758753	-2.79684612	-6.013802437	10.16304079	0.801657587	1366.976472	857.8848201	1.593426577
9.28644442	-2.825214529	-6.055829474	10.2281826	0.802154783	1366.469602	857.7469642	1.593091738
9.342130086	-2.853582938	-6.097856512	10.2933244	0.802651979	1366.161272	857.6134967	1.592980145
9.397815752	-2.882416403	-6.140116078	10.35862122	0.803157326	1365.580553	857.4815518	1.592548027
9.453501418	-2.910319757	-6.181910587	10.423608	0.803646371	1365.254659	857.3425574	1.592426093
9.509187084	-2.939153222	-6.224170153	10.48890482	0.804151717	1364.959656	857.2747499	1.592207931
9.56487275	-2.967056575	-6.265964663	10.55389161	0.804640762	1364.25711	857.0915011	1.591728664
9.620558416	-2.996355096	-6.308456756	10.61934345	0.805154259	1363.976395	857.0583273	1.591462741
9.676244083	-3.023793394	-6.350018738	10.68417521	0.805635154	1362.971032	856.7127572	1.590931173
9.731929749	-3.053556971	-6.39274336	10.74978207	0.806156802	1363.056608	856.7618528	1.590939891
9.787615415	-3.08192538	-6.434770397	10.81492387	0.806653998	1362.192356	856.4640576	1.590483972
9.843301081	-3.110293789	-6.476797435	10.88006568	0.807151193	1361.920758	856.341686	1.590394092
9.898986747	-3.13959231	-6.519289529	10.94551752	0.807664691	1360.758711	856.077019	1.589528373
9.954672413	-3.168890831	-6.561781622	11.01096936	0.808178188	1360.276424	855.9259676	1.58924542
10.01035808	-3.195864073	-6.603111076	11.0756461	0.808650932	1359.627121	855.7906654	1.588737966
10.06604375	-3.224697538	-6.645370642	11.14094292	0.809156278	1358.799899	855.3736408	1.588545443
10.12172941	-3.253065947	-6.68739768	11.20608473	0.809653474	1357.629159	854.8823481	1.58808889
10.17741508	-3.280504245	-6.728959661	11.27091649	0.810134368	1356.973343	854.6536215	1.587746554
10.23310074	-3.308407598	-6.770754171	11.33590328	0.810623413	1356.354716	854.5180136	1.587274574
10.28878641	-3.336310952	-6.812548681	11.40089006	0.811112458	1355.866447	854.4567954	1.586816858
10.34447208	-3.364679361	-6.854575719	11.46603186	0.811609654	1355.175495	854.2764271	1.586343076
10.40015774	-3.391652603	-6.895905172	11.53070861	0.812082398	1354.285014	854.0513491	1.585718488
10.45584341	-3.419555956	-6.937699682	11.59569539	0.812571443	1353.664993	853.7434654	1.585564105
10.51152907	-3.446064142	-6.978796608	11.66021712	0.813036035	1352.932534	853.4482154	1.585254395
10.56721474	-3.474432551	-7.020823646	11.72535892	0.813533231	1352.392531	853.3997875	1.584711587
10.62290041	-3.501405793	-7.0621531	11.79003567	0.814005975	1351.198235	853.0228326	1.584011803
10.67858607	-3.529309146	-7.103947609	11.85502246	0.81449502	1350.728779	852.9066674	1.583677125
10.73427174	-3.556282387	-7.145277063	11.9196992	0.814967763	1349.470176	852.5077849	1.582941763
10.78995741	-3.583255629	-7.186606517	11.98437595	0.815440507	1348.709545	852.2242065	1.582575964
10.84564307	-3.611158982	-7.228401027	12.04936273	0.815929552	1348.087869	852.037223	1.582193633
10.90132874	-3.638132224	-7.269730481	12.11403948	0.816402296	1346.981539	851.6582432	1.581598663
10.9570144	-3.665570522	-7.311292463	12.17887124	0.81688319	1345.934323	851.0771262	1.581448122
11.01270007	-3.693008819	-7.352854444	12.24370301	0.817364084	1344.413544	850.5600789	1.580621495
11.06838574	-3.719517005	-7.39395137	12.30822474	0.817828677	1344.218932	850.6062114	1.580306979
11.1240714	-3.74602519	-7.435048296	12.37274647	0.81829327	1342.926464	850.1656777	1.579605599
11.17975707	-3.772998432	-7.47637775	12.43742321	0.818766013	1342.144423	849.9050794	1.579169787
11.23544273	-3.799506618	-7.517474676	12.50194494	0.819230606	1341.024827	849.5317987	1.57854577
11.2911284	-3.826944915	-7.559036658	12.56677671	0.8197115	1340.301213	849.402253	1.57793461
11.34681407	-3.853453101	-7.600133584	12.63129843	0.820176093	1339.460818	849.1524843	1.577409055
11.40249973	-3.879961287	-7.64123051	12.69582016	0.820640686	1338.427738	848.8080422	1.576832065
11.4581854	-3.906934528	-7.682559964	12.76049691	0.821113429	1337.30345	848.4539315	1.576165069
11.51387107	-3.932977658	-7.723424362	12.82486362	0.821569872	1335.956536	848.0047965	1.575411533
11.56955673	-3.958555732	-7.764056232	12.88907531	0.822018163	1334.872716	847.6835151	1.574730064
11.6252424	-3.984598862	-7.80492063	12.95344202	0.822474605	1333.762023	847.4256809	1.573898517
11.68092806	-4.011572103	-7.846250083	13.01811876	0.822947348	1332.746462	847.0154117	1.57346188
11.73661373	-4.036685121	-7.886649426	13.08217544	0.823387489	1331.605951	846.7171112	1.572669234
11.7922994	-4.062263195	-7.927281296	13.14638713	0.82383578	1330.608961	846.3336843	1.572203713
11.84798506	-4.088306325	-7.968145694	13.21075384	0.824292222	1328.819725	845.5856212	1.571478619
11.90367073	-4.114349455	-8.009010092	13.27512055	0.824748664	1327.626888	845.289219	1.570618503
11.95935639	-4.139462473	-8.049409434	13.33917722	0.825188805	1326.319192	844.8945422	1.569804426
12.01504206	-4.165505603	-8.090273832	13.40354393	0.825645247	1325.339729	844.5573598	1.569271422
12.07072773	-4.191083677	-8.130905702	13.46775562	0.826093538	1323.688528	844.0978845	1.568169466
12.12641339	-4.215731639	-8.171072516	13.53165727	0.826525528	1322.706697	843.7600762	1.56763366
12.18209906	-4.241774769	-8.211936914	13.59602398	0.82698197	1321.347923	843.3387445	1.566805665
12.23778472	-4.266422731	-8.252103728	13.65992564	0.82741396	1319.880958	842.8805294	1.56591701
12.29347039	-4.292465861	-8.292968126	13.72429234	0.827870402	1318.777434	842.5028131	1.565309236
12.34915606	-4.316648767	-8.332902412	13.78803898	0.828294241	1317.044032	841.9752075	1.56423137
12.40484172	-4.342226841	-8.373534282	13.85225067	0.828742532	1315.821428	841.6087307	1.563459812
12.46052739	-4.366874803	-8.413701096	13.91615232	0.829174522	1314.105902	841.1078996	1.562351159
12.51621306	-4.391987821	-8.454100438	13.980209	0.829614663	1312.701609	840.5686269	1.56168285
12.57189872	-4.416635783	-8.494267252	14.04411065	0.830046652	1310.862773	839.9763337	1.560594889
12.62758439	-4.441283745	-8.534434067	14.1080123	0.830478642	1309.466683	839.4505723	1.559909215
12.68327005	-4.465466652	-8.574368353	14.17175894	0.830902481	1307.699729	838.9019898	1.558823015
12.73895572	-4.490114614	-8.614535167	14.23566059	0.831334471	1305.97051	838.1336945	1.55818877
12.79464139	-4.51429752	-8.654469453	14.29940723	0.83175831	1303.620312	837.4307708	1.556690245
12.85032705	-4.53801537	-8.694171211	14.36299884	0.832173998	1301.613369	836.813133	1.555440895
12.90601272	-4.562198277	-8.734105498	14.42674548	0.832597837	1299.665405	836.0825158	1.55447026
12.96169838	-4.585916127	-8.773807256	14.49033709	0.833013526	1297.683375	835.4926858	1.553195374
13.01738405	-4.610564089	-8.81397407	14.55423875	0.833445515	1295.754435	834.8905998	1.552005059
13.07306972	-4.633351828	-8.853210772	14.61752033	0.833844902	1293.391626	834.0625951	1.550712901
13.12875538	-4.657534734	-8.893145059	14.68126696	0.834268741	1291.243437	833.4070119	1.549355139
13.18444105	-4.680787528	-8.932614289	14.74470356	0.834676279	1288.338731	832.4894636	1.547573618
13.24012672	-4.704040323	-8.972083519	14.80814016	0.835083816	1285.728814	831.6797252	1.545942236
13.29581238	-4.726828061	-9.011320222	14.87142174	0.835483203	1282.961417	830.7476307	1.544345563
13.35149805	-4.750080856	-9.050789452	14.93485833	0.835890741	1280.316262	829.8561193	1.542817161
13.40718371	-4.773798706	-9.09049121	14.99844995	0.836306429	1276.96321	828.7586775	1.540814287
13.46286938	-4.796121389	-9.129495385	15.06157651	0.836697665	1273.96317	827.829347	1.538920038
13.51855505	-4.818444072	-9.168499559	15.12470307	0.837088901	1270.697621	826.7513617	1.53697675
13.57424071	-4.840301699	-9.207271205	15.18767461	0.837471986	1267.193567	825.5734687	1.534925255
13.62992638	-4.862624381	-9.24627538	15.25080117	0.837863222	1263.626462	824.1213698	1.533301415
13.68561204	-4.884016952	-9.284814498	15.3136177	0.838238157	1259.186961	822.702836	1.530548949
13.74129771	-4.905874579	-9.323586145	15.37658924	0.838621242	1256.027746	821.7303224	1.528515757
13.79698338	-4.926802094	-9.361892735	15.43925074	0.838988026	1251.770014	820.3417692	1.525912809
13.85266904	-4.947264553	-9.399966798	15.50175723	0.839346659	1248.347854	819.1910104	1.523878849
13.90835471	-4.967261956	-9.437808333	15.56410869	0.839697141	1243.617962	817.5936458	1.521070973
13.96404038	-4.986329248	-9.475184812	15.62615012	0.840031322	1239.605034	816.3375449	1.518495678
14.01972604	-5.006326651	-9.513026346	15.68850159	0.840381804	1235.380939	814.9091895	1.515973749
14.07541171	-5.024928887	-9.550170297	15.750388	0.840707834	1230.768195	813.422049	1.513074543
14.13109737	-5.043531122	-9.587314248	15.81227441	0.841033864	1226.469542	811.9996137	1.510431189
14.18678304	-5.061668302	-9.624225671	15.87400581	0.841351744	1221.300442	810.2867014	1.507244831
14.24246871	-5.080270538	-9.661369622	15.93589222	0.841677774	1217.136972	808.9192839	1.504645761
14.29815437	-5.097942661	-9.698048517	15.99746859	0.841987502	1212.580416	807.390475	1.501851277
14.35384004	-5.114684673	-9.734262356	16.05873493	0.842280929	1208.613392	806.1086997	1.499318135
14.4095257	-5.131426685	-9.770476195	16.12000127	0.842574356	1204.263222	804.6171751	1.496690923
14.46521137	-5.148633753	-9.806922562	16.18142262	0.842875934	1200.648629	803.5043018	1.494265341
14.52089704	-5.165375765	-9.843136401	16.24268896	0.843169361	1196.227813	801.8585574	1.491818978
14.5765827	-5.181187666	-9.878885184	16.30364526	0.843446487	1193.107808	800.7685245	1.489953427
14.63226837	-5.196999566	-9.914633967	16.36460156	0.843723612	1189.237848	799.478374	1.48751722
14.68795404	-5.21234641	-9.950150223	16.42540284	0.843992587	1185.927656	798.4757766	1.485239365
14.7436397	-5.22815831	-9.985899006	16.48635914	0.844269712	1182.087499	797.2664072	1.482675663
14.79932537	-5.243040099	-10.02118273	16.5470054	0.844530536	1178.201715	796.0428951	1.48007315
14.85501103	-5.257921887	-10.05646646	16.60765166	0.84479136	1174.828522	794.8269163	1.478093529
14.9106967	-5.27233862	-10.09151766	16.66814291	0.845044034	1170.490746	793.3505461	1.475376493
14.96638237	-5.286755353	-10.12656886	16.72863415	0.845296707	1167.395302	792.3798673	1.473277338
15.02206803	-5.300707029	-10.16138753	16.78897037	0.84554123	1163.842765	791.3173044	1.470766226
15.0777537	-5.31419365	-10.19597367	16.84915158	0.845777601	1159.732978	789.9277073	1.468150778
15.13343936	-5.326750159	-10.23009476	16.90902275	0.845997672	1156.022935	788.6604174	1.4658057
15.18912503	-5.34023678	-10.26468091	16.96920396	0.846234043	1151.96372	787.3173025	1.463150519
15.2448107	-5.351398121	-10.29810441	17.02861007	0.846429661	1147.389762	785.8133841	1.460130084
15.30049636	-5.36395463	-10.3322255	17.08848124	0.846649732	1142.927571	784.2450191	1.457360319
15.35618203	-5.375115972	-10.365649	17.14788735	0.84684535	1139.897667	783.2348869	1.455371416
15.41186769	-5.386277313	-10.3990725	17.20729347	0.847040968	1135.682497	781.7283744	1.452784029
15.46755336	-5.396508542	-10.43203095	17.26638954	0.847220284	1132.469126	780.6473756	1.450679476
15.52323903	-5.407204828	-10.46522193	17.32564064	0.847407751	1130.079325	779.8404903	1.449115991
15.57892469	-5.416971002	-10.49794785	17.38458169	0.847578917	1126.515922	778.7442704	1.446580046
15.63461036	-5.426272119	-10.53044124	17.44336773	0.847741932	1123.64469	777.7569939	1.444724636
15.69029603	-5.435573237	-10.56293463	17.50215377	0.847904947	1121.378817	777.0617731	1.443101252
15.74598169	-5.444409299	-10.5951955	17.56078479	0.848059812	1118.999817	776.3299092	1.441397277
15.80166736	-5.454175473	-10.62792142	17.61972585	0.848230977	1116.914046	775.604781	1.440055649
15.85735302	-5.463476591	-10.66041481	17.67851189	0.848393992	1114.474726	774.7713504	1.438456295
15.91303869	-5.472312652	-10.69267567	17.73714291	0.848548857	1112.022848	774.0244946	1.436676559
15.96872436	-5.480683658	-10.72470401	17.79561891	0.84869557	1109.978373	773.3936899	1.435204847
16.02441002	-5.48951972	-10.75696487	17.85424993	0.848850434	1108.370575	772.8480462	1.434137771
16.08009569	-5.497425671	-10.78876068	17.91257091	0.848988997	1106.015053	771.9711274	1.432715569
16.13578135	-5.506261732	-10.82102154	17.97120193	0.849143861	1103.412758	771.2054798	1.430763639
16.19146702	-5.513702627	-10.85258482	18.0293679	0.849274273	1099.771077	769.981465	1.428308507
16.24715269	-5.522073633	-10.88461316	18.0878439	0.849420987	1097.996827	769.3796814	1.427119605
16.30283835	-5.529979583	-10.91640897	18.14616488	0.84955955	1094.496891	768.0309401	1.425068749
16.35852402	-5.536955421	-10.94773972	18.20417583	0.849681811	1090.493419	766.5145993	1.422664904
16.41420969	-5.544396315	-10.979303	18.26234179	0.849812223	1088.597196	765.943497	1.421250001
16.46989535	-5.550442042	-11.0101687	18.3200427	0.849918183	1084.869591	764.8019261	1.418497462
16.52558102	-5.556952824	-11.04126692	18.37789863	0.850032293	1082.610529	764.1190964	1.416808629
16.58126668	-5.562533495	-11.07190009	18.43544452	0.850130102	1079.827639	763.2430553	1.414788686
16.63695235	-5.568114166	-11.10253326	18.49299041	0.850227911	1078.474917	762.8025971	1.413832257
16.69263802	-5.573694836	-11.13316643	18.55053629	0.85032572	1075.835591	761.9124547	1.412019956
16.74832368	-5.578810451	-11.16356707	18.60792717	0.850415378	1074.015303	761.3061021	1.410753572
16.80400935	-5.583926066	-11.19396771	18.66531804	0.850505037	1071.56365	760.5092903	1.409007968
16.85969501	-5.588576625	-11.22413582	18.72255389	0.850586544	1070.522539	760.2227332	1.408169595
16.91538068	-5.592762128	-11.2540714	18.77963472	0.850659901	1068.894058	759.6900273	1.407013413
16.97106635	-5.597412687	-11.28423952	18.83687058	0.850741409	1066.926637	759.0246733	1.405654749
17.02675201	-5.60159819	-11.3141751	18.89395141	0.850814765	1066.20826	758.7339534	1.405246537
17.08243768	-5.605318637	-11.34387816	18.95087722	0.850879971	1065.277777	758.4539913	1.404538428
17.13812335	-5.610434252	-11.3742788	19.0082681	0.85096963	1065.141038	758.4091497	1.404441176
17.19380901	-5.614154699	-11.40398186	19.06519391	0.851034836	1063.65953	757.8851966	1.403457324
17.24949468	-5.618340202	-11.43391744	19.12227474	0.851108192	1063.020118	757.4898815	1.403345635
17.30518034	-5.622525705	-11.46385302	19.17935558	0.851181549	1062.301986	757.311476	1.402727965
17.36086601	-5.625781096	-11.49332355	19.23612638	0.851238604	1062.437698	757.3563033	1.402824131
17.41655168	-5.629501543	-11.52302661	19.29305219	0.85130381	1062.665659	757.4424114	1.402965616
17.47223734	-5.63322199	-11.55272967	19.34997801	0.851369016	1062.08821	757.3105722	1.402447356
17.52792301	-5.637407493	-11.58266525	19.40705884	0.851442373	1060.663197	756.825611	1.40146314
17.58360867	-5.640662884	-11.61213578	19.46382964	0.851499428	1060.306041	756.6759499	1.401268325
17.63929434	-5.643918276	-11.64160631	19.52060043	0.851556484	1060.457193	756.7766109	1.401281669
17.69498001	-5.648103779	-11.67154189	19.57768127	0.85162984	1060.852006	757.0099994	1.401371193
17.75066567	-5.651824226	-11.70124495	19.63460708	0.851695046	1061.46486	757.1942059	1.401839649
17.80635134	-5.655079617	-11.73071548	19.69137788	0.851752102	1062.353886	757.4699779	1.402502959
17.862037	-5.65926512	-11.76065106	19.74845871	0.851825458	1062.294599	757.4502158	1.40246128
17.91772267	-5.662520511	-11.79012159	19.80522951	0.851882514	1063.238228	757.7550476	1.403142389
17.97340834	-5.666706014	-11.82005718	19.86231034	0.85195587	1063.54657	757.8372582	1.403397046
18.029094	-5.670426461	-11.84976023	19.91923616	0.852021076	1063.838641	757.9547755	1.403564798
18.08477967	-5.675542076	-11.88016087	19.97662703	0.852110735	1064.660043	758.2075141	1.404180285
18.14046534	-5.679727579	-11.91009646	20.03370786	0.852184091	1063.310829	757.606781	1.403512819
18.196151	-5.683448026	-11.93979951	20.09063368	0.852249297	1064.337678	757.8985409	1.404327387
18.25183667	-5.687168473	-11.96950257	20.14755949	0.852314503	1064.507702	758.0063126	1.404352027
18.30752233	-5.691353976	-11.99943816	20.20464033	0.85238786	1065.234427	758.2586755	1.404843046
18.363208	-5.696004535	-12.02960627	20.26187618	0.852469368	1066.225804	758.6802234	1.405369181
18.41889367	-5.700190038	-12.05954185	20.31895701	0.852542724	1065.998804	758.6749116	1.405079814
18.47457933	-5.703910485	-12.08924491	20.37588283	0.85260793	1066.33722	758.828037	1.405242253
18.530265	-5.707630933	-12.11894797	20.43280864	0.852673136	1066.229137	758.7312832	1.405278997
18.58595066	-5.712281491	-12.14911608	20.4900445	0.852754644	1066.110781	758.7021165	1.405177023
18.64163633	-5.71693205	-12.17928419	20.54728035	0.852836151	1066.030174	758.7869064	1.404913771
18.697322	-5.721582609	-12.2094523	20.6045162	0.852917659	1066.720791	759.0783301	1.40528421
18.75300766	-5.725303056	-12.23915536	20.66144202	0.852982865	1066.145566	758.8049645	1.405032408
18.80869333	-5.729488559	-12.26909094	20.71852285	0.853056222	1066.394314	758.8771853	1.405226477
18.864379	-5.733674062	-12.29902653	20.77560368	0.853129578	1065.851883	758.707562	1.404825702
18.92006466	-5.738324621	-12.32919464	20.83283954	0.853211086	1065.458479	758.5157013	1.404662391
18.97575033	-5.742510124	-12.35913023	20.88992037	0.853284443	1065.050031	758.3895909	1.404357395
19.03143599	-5.747160683	-12.38929834	20.94715622	0.85336595	1064.098263	757.930067	1.403953095
19.08712166	-5.751811242	-12.41946645	21.00439207	0.853447458	1064.049508	757.9856463	1.403785828
19.14280733	-5.755531689	-12.44916951	21.06131789	0.853512664	1063.318188	757.7014709	1.403347134
19.19849299	-5.759717192	-12.47910509	21.11839872	0.853586021	1062.908225	757.5438367	1.403097978
19.25417866	-5.764367751	-12.5092732	21.17563458	0.853667528	1061.745715	757.2480782	1.402110808
19.30986432	-5.768088198	-12.53897626	21.23256039	0.853732734	1061.416628	757.0061536	1.402124174
19.36554999	-5.771808645	-12.56867932	21.28948621	0.85379794	1061.584504	757.1634865	1.402054541
19.42123566	-5.776459204	-12.59884743	21.34672206	0.853879448	1061.321045	757.1164786	1.401793614
19.47692132	-5.780179651	-12.62855049	21.40364787	0.853944654	1060.588511	756.8918047	1.401241901
19.53260699	-5.784365154	-12.65848607	21.46072871	0.85401801	1060.729667	756.9797505	1.401265577
19.58829266	-5.788550657	-12.68842166	21.51780954	0.854091367	1060.697817	756.9693801	1.401242699
19.64397832	-5.791806049	-12.71789218	21.57458034	0.854148422	1060.617065	756.9323415	1.401204581
19.69966399	-5.795526496	-12.74759524	21.63150615	0.854213628	1060.549757	756.9003585	1.401174864
19.75534965	-5.799246943	-12.7772983	21.68843197	0.854278834	1060.176851	756.7552407	1.400950788
19.81103532	-5.803897502	-12.80746641	21.74566782	0.854360342	1060.764375	756.9407969	1.401383541
19.86672099	-5.808083005	-12.837402	21.80274865	0.854433699	1060.44208	756.8838063	1.401063243
19.92240665	-5.812733564	-12.86757011	21.85998451	0.854515206	1060.28549	756.6601267	1.401270468
19.97809232	-5.816454011	-12.89727316	21.91691032	0.854580412	1060.232276	756.6727517	1.401176762
20.03377798	-5.82110457	-12.92744128	21.97414617	0.85466192	1060.529156	756.7413485	1.401442062
20.08946365	-5.82668524	-12.95807445	22.03169206	0.854759729	1060.417128	756.7035139	1.401364085
20.14514932	-5.830405687	-12.9877775	22.08861788	0.854824935	1060.682677	756.9238492	1.401306985
20.20083498	-5.835056246	-13.01794561	22.14585373	0.854906442	1061.013138	757.0448619	1.401519502
20.25652065	-5.840171861	-13.04834625	22.2032446	0.8549961	1061.602127	757.1394078	1.402122405
20.31220632	-5.84482242	-13.07851437	22.26048046	0.855077608	1061.211063	757.0800639	1.401715767
20.36789198	-5.849472979	-13.10868248	22.31771631	0.855159115	1061.178288	757.0997479	1.401636034
20.42357765	-5.854588594	-13.13908312	22.37510718	0.855248774	1061.253021	757.083847	1.401764184
20.47926331	-5.859239153	-13.16925123	22.43234303	0.855330281	1061.029489	757.0192934	1.401588438
20.53494898	-5.864354767	-13.19965187	22.4897339	0.855419939	1061.761491	757.334387	1.401971849
20.59063465	-5.869005326	-13.22981999	22.54696975	0.855501447	1061.215616	757.1424718	1.401606244
20.64632031	-5.874585997	-13.26045315	22.60451564	0.855599256	1060.979971	757.0534742	1.401459747
20.70200598	-5.879236556	-13.29062127	22.6617515	0.855680763	1061.072479	757.0137915	1.401655414
20.75769164	-5.884817227	-13.32125444	22.71929739	0.855778572	1062.187649	757.4256707	1.402365526
20.81337731	-5.889932841	-13.35165508	22.77668826	0.855868231	1060.67661	756.750426	1.401620103
20.86906298	-5.895048456	-13.38205572	22.83407913	0.855957889	1060.836165	756.814224	1.401712774
20.92474864	-5.900629127	-13.41268888	22.89162502	0.856055698	1061.364571	756.9700354	1.402122306
20.98043431	-5.905744742	-13.44308953	22.94901589	0.856145356	1061.221448	757.0026397	1.40187285
21.03611997	-5.910860356	-13.47349017	23.00640676	0.856235015	1060.927692	756.9560639	1.401571032
21.09180564	-5.916441027	-13.50412333	23.06395265	0.856332824	1060.87171	756.8970013	1.401606438
21.14749131	-5.921091586	-13.53429145	23.1211885	0.856414331	1061.440671	757.1158701	1.401952744
21.20317697	-5.926207201	-13.56469209	23.17857937	0.856503989	1061.031992	757.0715526	1.401494995
21.25886264	-5.931787871	-13.59532526	23.23612526	0.856601798	1061.569747	757.1998713	1.40196768
21.31454831	-5.936903486	-13.6257259	23.29351613	0.856691457	1061.494928	757.2255367	1.401821355
21.37023397	-5.942484157	-13.65635906	23.35106202	0.856789266	1061.414428	757.1985394	1.401765023
21.42591964	-5.948064827	-13.68699223	23.40860791	0.856887075	1061.146743	757.0790299	1.401632724
21.4816053	-5.953180442	-13.71739287	23.46599878	0.856976733	1061.329434	757.170782	1.401704159
21.53729097	-5.959226169	-13.74825857	23.52369969	0.857082693	1060.980924	757.0547759	1.401458596
21.59297664	-5.964341784	-13.77865921	23.58109056	0.857172351	1060.641103	757.0022284	1.401106976
21.6486623	-5.97038751	-13.80952491	23.63879147	0.857278311	1060.736785	756.9930643	1.401250335
21.70434797	-5.975503125	-13.83992555	23.69618234	0.857367969	1059.653548	756.3795343	1.400954811
21.76003363	-5.981548852	-13.87079124	23.75388325	0.857473929	1060.099633	756.5683032	1.40119488
21.8157193	-5.98619941	-13.90095936	23.8111191	0.857555436	1059.668995	756.4756084	1.400797307
21.87140497	-5.992245137	-13.93182505	23.86882001	0.857661396	1059.945551	756.5988127	1.400934727
21.92709063	-5.997360752	-13.96222569	23.92621088	0.857751054	1060.48867	756.7893175	1.401299736
21.9827763	-6.003406478	-13.99309139	23.98391179	0.857857014	1060.835753	756.9148868	1.401525815
22.03846197	-6.008522093	-14.02349203	24.04130266	0.857946672	1060.858151	757.0034027	1.401391523
22.09414763	-6.014102764	-14.0541252	24.09884855	0.858044481	1060.339753	756.8310133	1.40102577
22.26120463	-6.019683434	-14.14044403	24.26776577	0.85814229	1058.378447	756.1569208	1.399680963
22.20925375	-6.024333993	-14.11679387	24.21736508	0.858223798	1059.573391	756.6148135	1.400413226
22.26707625	-6.03037972	-14.14872798	24.27720282	0.858329757	1059.369532	756.5884105	1.400192651
22.31542935	-6.035495335	-14.17546234	24.32726112	0.858419416	1058.843389	756.3617685	1.399916592
22.38773212	-6.041076005	-14.21440406	24.40142413	0.858517225	1058.206422	756.2006251	1.399372583
22.44288149	-6.046656676	-14.24476908	24.45843371	0.858615034	1057.949592	756.0440041	1.399322773
22.49388799	-6.051772291	-14.27283014	24.51114542	0.858704692	1057.991675	756.1291246	1.399220901
22.55040844	-6.056887906	-14.30364817	24.56937108	0.85879435	1057.370795	755.8718058	1.398875824
22.60433467	-6.062933632	-14.33363415	24.62531255	0.85890031	1056.629297	755.4218916	1.398727398
22.6545422	-6.068049247	-14.36129572	24.67722528	0.858989968	1055.728179	755.1922019	1.397959587
22.70514428	-6.073164862	-14.38915457	24.72953256	0.859079627	1055.389023	755.028709	1.397813104
22.76748446	-6.078745532	-14.423115	24.79373297	0.859177436	1055.26822	755.0795303	1.397559035
22.82548451	-6.083861147	-14.45467283	24.85343822	0.859267094	1054.662285	754.8475169	1.39718587
22.88062401	-6.088511706	-14.48456786	24.91012791	0.859348601	1053.789561	754.5762772	1.396531528
22.9372431	-6.093627321	-14.51543521	24.96845221	0.85943826	1053.074522	754.3987386	1.395912358
22.9918894	-6.098742936	-14.54531617	25.02480371	0.859527918	1053.18801	754.4763142	1.39591925
23.04367516	-6.102928439	-14.5733018	25.07798463	0.859601275	1052.438254	754.2777383	1.395292742
23.1021684	-6.108509109	-14.60533875	25.1383381	0.859699084	1053.220263	754.5175102	1.39588578
23.15671606	-6.113159668	-14.63493786	25.19443595	0.859780591	1052.190718	754.1851053	1.395135903
23.21313787	-6.117810227	-14.66547405	25.25240795	0.859862099	1052.280271	754.1135004	1.395387128
23.27399847	-6.122925842	-14.69846215	25.31497375	0.859951757	1052.339289	754.1739851	1.395353473
23.31927401	-6.128041457	-14.72365773	25.3619545	0.860041415	1052.284276	754.2266583	1.395183085
23.37747134	-6.132692016	-14.75508168	25.42170201	0.860122923	1052.182587	754.1316261	1.395224057
23.43448499	-6.13780763	-14.78614631	25.48042086	0.860212581	1051.765487	754.0432796	1.394834375
23.5036313	-6.142923245	-14.82327727	25.55127238	0.860302239	1051.361994	753.68612	1.394960005
23.56044767	-6.147573804	-14.85401074	25.60963894	0.860383747	1051.746224	753.8945908	1.395083925
23.61085247	-6.152224363	-14.88153842	25.66159393	0.860465254	1051.7834	753.9380018	1.395052906
23.6643151	-6.157805034	-14.91106007	25.71691678	0.860563063	1052.16531	754.0756721	1.395304675
23.72024371	-6.162455593	-14.94134965	25.77439558	0.860644571	1051.961604	754.0281759	1.395122407
23.77271994	-6.167106151	-14.96991305	25.828422	0.860726078	1052.165117	754.1157636	1.395230239
23.82637985	-6.172686822	-14.99953334	25.88394212	0.860823887	1052.863978	754.3689593	1.395688363
23.88694452	-6.178267493	-15.03260601	25.94636702	0.860921696	1052.961252	754.4218719	1.395719412
23.94316906	-6.183383108	-15.06327608	26.00429676	0.861011354	1052.941847	754.4152396	1.395705961
23.98814869	-6.188963778	-15.08855623	26.05113661	0.861109163	1053.144298	754.5022274	1.395813372
24.04614873	-6.193614337	-15.11988153	26.11068684	0.861190671	1053.87458	754.7865486	1.396255116
24.10513517	-6.199660064	-15.15239762	26.17168853	0.861296631	1054.162225	754.8625162	1.396495656
24.15672365	-6.205240734	-15.18098219	26.22513723	0.86139444	1054.806469	755.0367805	1.397026604
24.2174856	-6.210356349	-15.21392097	26.28760438	0.861484098	1054.143485	754.8258248	1.396538712
24.27390741	-6.215471964	-15.24468969	26.3457314	0.861573756	1054.328022	754.968223	1.396519734
24.33634624	-6.221052635	-15.27869944	26.41003045	0.861671565	1053.957651	754.773673	1.396388995
24.39010478	-6.227098361	-15.30860157	26.46580424	0.861777525	1053.684893	754.4095687	1.39670139
24.44287693	-6.232679032	-15.33777798	26.52043661	0.861875334	1054.233185	754.6838318	1.396920327
24.49614228	-6.238259703	-15.36720099	26.57556218	0.861973143	1054.041212	754.6293056	1.396766868
24.55305729	-6.244305429	-15.39868136	26.63449243	0.862079103	1053.988897	754.5917893	1.396766983
24.60651992	-6.2498861	-15.42820301	26.68981529	0.862176912	1053.827945	754.5880876	1.396560537
24.66373085	-6.255931826	-15.45983134	26.74904146	0.862282872	1054.392163	754.7865274	1.39694089
24.71689756	-6.261512497	-15.48920503	26.80406839	0.862380681	1054.428571	754.8390653	1.396891893
24.76848603	-6.267558224	-15.51802213	26.85767211	0.86248664	1054.605698	754.9491225	1.396922874
24.82905071	-6.273138894	-15.5510948	26.920097	0.862584449	1054.429342	754.9007864	1.396778704
24.89553375	-6.279184621	-15.58735919	26.98859529	0.862690409	1054.377017	754.8526537	1.39679845
24.95225148	-6.285230347	-15.61874091	27.04732826	0.862796369	1054.797008	755.1139388	1.396871325
25.00758826	-6.290811018	-15.64919964	27.10452527	0.862894178	1054.743175	755.0960764	1.396833076
