eps1        epsv      eps3             epsq       Void ratio    q           p          eta = q/p  
[%]         [%]       [%]              [%]        [%]           [kPa]       [kPa]      [-]

0	0	0	0	0.697044789	2.00	301.51	0.01
0.012927157	0.021801889	0.004437366	0.00565986	0.696674801	31.03508691	311.098373	0.099759721
0.03789204	0.033276568	-0.002307736	0.026799851	0.696480071	66.88239226	323.0567968	0.207029825
0.068382748	0.060815796	-0.003783476	0.048110816	0.696012718	102.776691	334.951773	0.306840266
0.103017824	0.074011677	-0.014503074	0.078347265	0.695788778	139.4826522	347.2769854	0.401646692
0.138146277	0.100403437	-0.01887142	0.104678465	0.695340898	179.3163399	360.3548333	0.497610475
0.180872738	0.123926528	-0.028473105	0.139563896	0.6949417	219.5324352	373.7494184	0.587378667
0.223401848	0.14171228	-0.040844784	0.176164422	0.694639868	260.3671403	387.2111128	0.672416498
0.26632566	0.159498032	-0.053413814	0.21315965	0.694338036	299.7341529	400.4633843	0.748468311
0.310532253	0.179004985	-0.065763634	0.250863925	0.694006994	337.4923192	412.9301237	0.817310968
0.358488512	0.192200865	-0.083143823	0.294421557	0.693783054	374.0857595	425.1282612	0.87993623
0.40624742	0.207117948	-0.099564736	0.337208104	0.693529904	408.7590516	436.7255812	0.935963152
0.457065266	0.224329965	-0.11636765	0.382288611	0.693237809	442.5633648	447.9835536	0.98790092
0.501765236	0.227198635	-0.1372833	0.426032358	0.693189126	473.2976746	458.4586055	1.032367304
0.550017521	0.241541983	-0.154237769	0.469503527	0.692945713	504.2624263	468.8300394	1.075576187
0.599355236	0.241541983	-0.178906626	0.518841242	0.692945713	533.0073509	478.260511	1.114470751
0.649975731	0.239820781	-0.205077475	0.570035471	0.692974923	560.4089437	487.1653892	1.150346383
0.696353183	0.246705588	-0.224823798	0.614117987	0.692858084	586.752283	495.9572823	1.183070204
0.745690898	0.25129546	-0.247197719	0.661925745	0.692780192	611.8175787	504.3130289	1.21317028
0.795423315	0.250721726	-0.272350795	0.711849406	0.692789929	636.0325906	512.4937215	1.241054405
0.847425266	0.240394515	-0.303515376	0.767293761	0.692965186	657.8168122	520.0056747	1.265018526
0.897256359	0.234083442	-0.331586458	0.819228545	0.693072288	680.3345568	527.4213736	1.289926027
0.945409968	0.227772369	-0.3588188	0.869485845	0.69317939	700.4428018	533.9343679	1.311851875
0.995833113	0.224903699	-0.385464707	0.920865213	0.693228072	720.5608752	540.6405544	1.332791019
1.047045661	0.217445158	-0.414800251	0.974563942	0.693354647	739.3487387	547.1622336	1.35124227
1.096679402	0.209412883	-0.443633259	1.026875108	0.693490958	757.6911912	552.8679384	1.370474102
1.149865459	0.199085673	-0.475389893	1.083503568	0.693666216	775.1296544	559.0002855	1.386635525
1.200485954	0.185316058	-0.507584948	1.138713935	0.693899892	791.0338087	564.2320422	1.401965414
1.251599827	0.176710049	-0.537444889	1.192696477	0.69404594	807.8376289	569.6437236	1.418145405
1.302220322	0.161219233	-0.570500544	1.248480578	0.694308826	822.1110451	574.800815	1.430253792
1.357379888	0.14458095	-0.606399469	1.309186238	0.694591185	837.4131954	579.6215618	1.44475853
1.411552699	0.136548675	-0.637502012	1.366036474	0.694727497	851.2975957	584.3402352	1.456852608
1.460199685	0.114746785	-0.67272645	1.421950757	0.695097484	864.9265441	589.073458	1.468283
1.5095374	0.104993309	-0.702272046	1.474539631	0.695263005	878.0167604	593.1570555	1.480243305
1.560355247	0.084912621	-0.737721313	1.53205104	0.695603784	890.2483384	597.4441041	1.490094776
1.618277724	0.067126869	-0.775575427	1.595902101	0.695905616	902.9398782	601.4350134	1.501309132
1.670181	0.043603778	-0.813288611	1.655646407	0.696304813	913.4071781	605.1342934	1.509428879
1.72632732	0.024096825	-0.851115247	1.718295045	0.696635855	925.2543688	608.9738489	1.519366341
1.773987552	0.009753477	-0.882117038	1.770736393	0.696879268	935.7897737	612.4362866	1.527978982
1.828949767	-0.015490816	-0.922220291	1.834113372	0.697307675	946.4457463	616.1387994	1.536091782
1.884010656	-0.040161375	-0.962086016	1.897397781	0.697726345	956.1888254	619.1565345	1.544341006
1.929105328	-0.064831934	-0.996968631	1.950715972	0.698145016	965.6824055	622.3511332	1.551668108
1.982982113	-0.094092364	-1.038537238	2.014346234	0.698641578	975.3606742	625.7574927	1.558687967
2.036266845	-0.107861978	-1.072064411	2.072220837	0.698875255	983.4800617	628.6045072	1.564545036
2.088268796	-0.142859748	-1.115564272	2.135888712	0.699469183	993.0418482	631.6915834	1.572035902
2.138395914	-0.164661637	-1.151528776	2.193283127	0.699839171	1001.086986	634.233878	1.578419288
2.194739585	-0.188758462	-1.191749023	2.257659072	0.700248104	1009.479933	637.2421932	1.584138565
2.248912396	-0.223756231	-1.236334314	2.323497806	0.700842032	1016.758185	639.6780849	1.589484162
2.30496004	-0.250147992	-1.277554016	2.388342704	0.701289912	1024.819467	642.1450289	1.595931481
2.361797087	-0.272523615	-1.317160351	2.452638293	0.701669637	1032.33542	644.6104668	1.601487214
2.409852022	-0.295472972	-1.352662497	2.508343013	0.702059097	1038.752043	646.9495509	1.605615216
2.465702315	-0.323012201	-1.394357258	2.573373049	0.702526451	1046.458289	649.5885755	1.6109555
2.516717512	-0.352272631	-1.434495072	2.634141723	0.703023013	1052.520506	651.2991107	1.616032463
2.569903569	-0.3872704	-1.478586985	2.698993702	0.703616941	1059.611941	653.9933902	1.620218119
2.622694924	-0.413662161	-1.518178542	2.760582311	0.704064821	1065.545249	655.7413636	1.624947438
2.676571708	-0.446364995	-1.561468352	2.82536004	0.704619803	1072.160312	657.9470325	1.629554141
2.7320273	-0.477346627	-1.604686964	2.891142842	0.705145575	1077.829352	660.1371086	1.63273559
2.783733225	-0.503738388	-1.643735806	2.951646021	0.705593455	1083.158524	661.5536072	1.637295167
2.833761668	-0.558243111	-1.696002389	3.019842705	0.706518424	1089.172032	663.9081939	1.64054615
2.885368918	-0.581766202	-1.73356756	3.079290985	0.706917622	1093.720603	665.2449243	1.644087107
2.943686097	-0.620206375	-1.781946236	3.150421555	0.707569969	1099.512153	667.345255	1.647591175
2.995095996	-0.644876934	-1.819986465	3.210054974	0.707988639	1104.172108	668.6991733	1.651223976
3.049268807	-0.679874703	-1.864571755	3.275893708	0.708582567	1109.677718	670.7345867	1.654421496
3.103737644	-0.709135133	-1.906436389	3.340116022	0.70907913	1113.978727	671.9291383	1.657881261
3.157022376	-0.748722774	-1.952872575	3.406596634	0.70975095	1118.263158	673.6972341	1.659889787
3.210899161	-0.780851874	-1.995875517	3.471183119	0.710296195	1123.425628	675.1286032	1.664017229
3.262703761	-0.817570845	-2.040137303	3.535227377	0.710919332	1126.53651	676.215252	1.665943657
3.319244783	-0.851421147	-2.085332965	3.603051832	0.711493787	1131.62991	678.1330399	1.668743216
3.371838787	-0.885845183	-2.128841985	3.667120514	0.712077978	1135.042509	678.980633	1.671686133
3.427590405	-0.923711622	-2.175651013	3.735494279	0.712720589	1139.826506	680.9160607	1.673960378
3.481368514	-0.951824584	-2.216596549	3.798643375	0.713197678	1143.419187	681.843945	1.676951442
3.529423448	-0.988543556	-2.258983502	3.858937967	0.713820816	1147.067302	683.3102054	1.678691893
3.589516785	-1.029278664	-2.309397725	3.932609673	0.714512109	1150.88716	684.5336414	1.681271877
3.646649859	-1.064850168	-2.355750013	4.001599915	0.715115773	1152.997871	685.0672357	1.683043373
3.694902144	-1.108453946	-2.401678045	4.064386793	0.715855749	1157.370358	686.8148334	1.685127202
3.74680542	-1.137714377	-2.442259898	4.126043546	0.716352311	1159.879438	687.4616013	1.687191598
3.799202073	-1.176728284	-2.487965178	4.191444834	0.717014395	1163.733616	688.5769992	1.690055893
3.854558989	-1.222626998	-2.538592994	4.262101322	0.717793317	1165.951461	689.4659929	1.691093502
3.902613924	-1.254756098	-2.578685011	4.320865956	0.718338562	1169.785	690.9746074	1.692949332
3.959154945	-1.290327601	-2.624741273	4.389264145	0.718942226	1172.438222	691.4894766	1.695525762
4.014413186	-1.336226315	-2.67531975	4.459821957	0.719721148	1174.158338	692.4928547	1.695553001
4.069178049	-1.371224085	-2.720201067	4.526252744	0.720315076	1177.581569	693.3840336	1.698310765
4.121673378	-1.415975331	-2.768824354	4.593665155	0.721074524	1179.292067	694.2040976	1.698768519
4.177523671	-1.446383229	-2.81195345	4.659651414	0.72159056	1182.422638	695.2883113	1.700622057
4.232683236	-1.481954733	-2.857318984	4.726668147	0.722194224	1184.538353	695.7539457	1.702524808
4.28527724	-1.521542373	-2.903409807	4.792458032	0.722866044	1187.020481	696.7311958	1.703699344
4.340535481	-1.56629362	-2.95341455	4.862633354	0.723625493	1188.903162	697.469236	1.704595845
4.398951335	-1.596701518	-2.997826427	4.931185175	0.724141529	1190.705049	697.7702791	1.706442772
4.450361234	-1.641452764	-3.045906999	4.997512156	0.724900977	1193.215381	698.9870505	1.707063644
4.506507554	-1.679892937	-3.093200246	5.066471866	0.725553324	1194.624077	699.1468978	1.708688233
4.563048575	-1.722349248	-3.142698912	5.137164991	0.726273827	1196.678309	699.9617378	1.709633891
4.61801079	-1.761936889	-3.189973839	5.205323086	0.726945647	1197.830723	700.5464096	1.709852062
4.67435446	-1.79865586	-3.23650516	5.273906413	0.727568784	1200.057942	700.9887439	1.711950373
4.727935218	-1.848570712	-3.288252965	5.344125456	0.728415862	1201.097836	701.6360954	1.711852973
4.780825249	-1.887010885	-3.333918067	5.409828877	0.729068209	1202.661578	702.0377028	1.713101125
4.838550375	-1.929467195	-3.384008785	5.481706107	0.729788711	1204.225167	702.439097	1.714348151
4.888184116	-1.969054836	-3.428619476	5.544535728	0.730460531	1204.772758	703.0215615	1.713706698
4.942159576	-2.013806083	-3.477982829	5.613428271	0.73121998	1206.910911	703.5945371	1.715350031
5.002252913	-2.04995132	-3.526102117	5.68557002	0.731833381	1207.158257	703.4471898	1.716060957
5.053761488	-2.096423768	-3.575092628	5.75256941	0.732622039	1209.118457	704.2314956	1.716933231
5.112572044	-2.131421537	-3.621996791	5.82304589	0.733215967	1209.771258	704.6092641	1.716939189
5.170987898	-2.166419307	-3.668703603	5.893127667	0.733809895	1211.165469	704.8739529	1.718272414
5.226048788	-2.213465489	-3.719757138	5.963870618	0.73460829	1212.477943	705.2316844	1.719261868
5.27696531	-2.257069267	-3.767017289	6.029321732	0.735348265	1212.405017	705.2676817	1.719070714
5.332618252	-2.304115449	-3.818366851	6.100656735	0.73614666	1213.993424	705.9473488	1.719665675
5.384324177	-2.342555622	-3.8634399	6.165176052	0.736799007	1213.633073	706.0274415	1.718960201
5.438694339	-2.384438199	-3.911566269	6.233507072	0.737509773	1215.537138	706.4024239	1.720743158
5.497800922	-2.433779317	-3.965790119	6.309060694	0.738347114	1215.327499	706.2923403	1.720714539
5.549605522	-2.464187215	-4.006896369	6.371001261	0.73886315	1216.524982	706.7524555	1.721288654
5.605554491	-2.511807131	-4.058680811	6.442823535	0.739671281	1217.328096	707.260898	1.721186764
5.657951144	-2.553115974	-4.105533559	6.508989802	0.74037231	1217.183368	707.2826074	1.720929308
5.711531903	-2.59499855	-4.153265226	6.576531419	0.741083076	1218.390404	707.6646886	1.721705807
5.766987494	-2.64032353	-4.203655512	6.647095338	0.741852262	1217.933587	707.5723982	1.721284761
5.822936463	-2.682206107	-4.252571285	6.717005165	0.742563028	1219.258967	707.9349177	1.722275504
5.874247686	-2.724662418	-4.299455052	6.782468492	0.74328353	1219.108041	708.0354549	1.721817788
5.929801953	-2.762528857	-4.346165405	6.850644906	0.743926141	1219.927463	708.0184936	1.723016381
5.98298801	-2.804411433	-4.393699722	6.917791821	0.744636907	1220.550462	708.1364301	1.723609195
6.037358172	-2.841130405	-4.439244288	6.98440164	0.745260044	1220.445229	708.1814364	1.72335106
6.088768071	-2.888176587	-4.488472329	7.0514936	0.746058439	1221.862576	708.6241375	1.724274565
6.144717039	-2.930059163	-4.537388101	7.121403427	0.746769205	1220.945773	708.2691723	1.723844296
6.200962034	-2.973662942	-4.587312488	7.192183015	0.747509181	1221.939266	708.7603427	1.724051407
6.257009678	-3.016119252	-4.636564465	7.262382763	0.748229683	1220.947348	708.6001653	1.723041297
6.308814279	-3.0625917	-4.68570299	7.329678179	0.749018342	1222.025547	709.0301651	1.723517006
6.35844802	-3.103900543	-4.731174282	7.393081535	0.749719371	1222.291347	709.119737	1.723674132
6.407391033	-3.140045781	-4.773718407	7.45407296	0.750332772	1222.297246	709.0913075	1.723751559
6.461465169	-3.185944495	-4.823704832	7.523446667	0.751111694	1222.250682	709.0960499	1.723674362
6.516822085	-3.2232372	-4.870029642	7.591234485	0.751744568	1221.479365	708.5594605	1.723891125
6.573165755	-3.26856218	-4.920863968	7.662686482	0.752513753	1222.477628	708.9327426	1.724391546
6.62704254	-3.309297289	-4.968169915	7.730141636	0.753205046	1220.985595	708.6754882	1.72291213
6.682991509	-3.359785874	-5.021388692	7.802920134	0.75406186	1221.683874	709.0986501	1.722868707
6.734697434	-3.395931112	-5.065314273	7.866674471	0.754675261	1221.25482	708.9461481	1.722634115
6.790942429	-3.43953489	-5.11523866	7.937454059	0.755415236	1221.134439	708.4562369	1.723655429
6.846496696	-3.481991201	-5.164243948	8.00716043	0.756135739	1220.839902	708.417716	1.723333387
6.903728445	-3.525594979	-5.214661712	8.078926772	0.756875715	1219.706142	708.19048	1.722285425
6.962539001	-3.570919959	-5.26672948	8.152845655	0.7576449	1220.634716	708.8100468	1.722090032
7.014935655	-3.608786399	-5.311861027	8.217864454	0.75828751	1219.219909	708.2988882	1.721335342
7.070785948	-3.649521507	-5.360153728	8.287293117	0.758978803	1219.890821	708.2628196	1.722370266
7.126044189	-3.691977818	-5.409011003	8.356703461	0.759699306	1219.055266	708.1042654	1.72157594
7.179328921	-3.742466403	-5.460897662	8.426817722	0.76055612	1218.842349	708.3041029	1.720789621
7.23892888	-3.780332843	-5.509630861	8.499039828	0.76119873	1218.30544	707.8347073	1.721172227
7.291720235	-3.81647808	-5.554099158	8.563879595	0.761812131	1217.554461	707.7450349	1.720329216
7.343722187	-3.872130271	-5.607926229	8.634432277	0.762756574	1217.618569	707.9671003	1.719880159
7.399375129	-3.906554307	-5.652964718	8.701559898	0.763340765	1216.075502	707.2031705	1.719556066
7.449600923	-3.948436883	-5.699018903	8.765746551	0.764051531	1217.074516	707.4364755	1.720401137
7.505747242	-3.982287185	-5.744017214	8.833176304	0.764625986	1215.854352	707.2793282	1.719058234
7.558341246	-4.031054569	-5.794697908	8.902026103	0.76545359	1215.536752	707.3439234	1.718452244
7.614980943	-4.069494742	-5.842237842	8.97147919	0.766105937	1215.221488	707.0990934	1.718601395
7.668463026	-4.107934915	-5.88819897	9.037774664	0.766758284	1214.283545	706.6159838	1.718449021
7.727865635	-4.153833629	-5.940849632	9.112476844	0.767537206	1213.843982	706.8300027	1.717306817
7.778091429	-4.189978866	-5.984035147	9.174751051	0.768150607	1212.399312	706.0979001	1.717041379
7.829896029	-4.237598782	-6.033747406	9.242428957	0.768958738	1212.871542	706.2953519	1.717229964
7.885351621	-4.274891487	-6.080121554	9.31031545	0.769591612	1211.473824	705.8598421	1.716309318
7.93912973	-4.338002219	-6.138565975	9.38513047	0.770662629	1211.119968	706.0022439	1.715461924
7.991723734	-4.374721191	-6.183222462	9.449964131	0.771285767	1210.448904	705.4686758	1.71580815
8.046192571	-4.416030033	-6.231111302	9.518202582	0.771986796	1209.678709	705.5017222	1.714636082
8.103522996	-4.452749005	-6.278136	9.587772664	0.772609934	1209.369892	705.3499055	1.714567313
8.154735544	-4.497500251	-6.326117898	9.653902294	0.773369382	1207.690531	704.5101482	1.714227302
8.20663882	-4.540530295	-6.373584558	9.720148919	0.774099622	1208.015486	704.9691987	1.713572009
8.264166596	-4.581839138	-6.423002867	9.791446308	0.774800651	1206.125437	704.4197524	1.712225464
8.320411591	-4.621426779	-6.470919185	9.860887184	0.775472471	1206.029328	704.1977999	1.712628651
8.37527513	-4.666178025	-6.520726578	9.930667805	0.77623192	1204.771142	703.6484705	1.712177589
8.430928072	-4.690848584	-6.560888328	9.994544267	0.77665059	1204.072198	703.6559034	1.7111662
8.484114129	-4.732731161	-6.608422645	10.06169118	0.777361356	1203.313288	703.5832032	1.710264375
8.536017405	-4.770023866	-6.653020635	10.12602536	0.77799423	1201.612948	702.7161894	1.709954838
8.592459751	-4.812480177	-6.702469964	10.19661981	0.778714733	1201.668618	702.734908	1.70998851
8.648902097	-4.853789019	-6.751345558	10.26683177	0.779415762	1199.759772	702.3096159	1.708306058
8.70021332	-4.891655459	-6.795934389	10.33076514	0.780058373	1199.703114	702.2604958	1.708344867
8.754978184	-4.932390567	-6.843684375	10.39910837	0.780749666	1198.266261	701.592115	1.707924356
8.805500004	-4.980584217	-6.89304211	10.46569474	0.781567534	1197.723732	701.6914039	1.706909512
8.856515201	-5.017303188	-6.936909195	10.5289496	0.782190671	1196.614225	701.3818742	1.706080908
8.909503907	-5.063775637	-6.986639772	10.59742912	0.782979329	1195.159437	700.987161	1.70496623
8.966340954	-5.105658213	-7.035999584	10.66822703	0.783690095	1194.940876	700.8951774	1.704878154
9.017553502	-5.142950918	-7.08025221	10.73187048	0.784322969	1193.114277	700.2457831	1.703850714
9.075772006	-5.17680122	-7.126286613	10.80137241	0.784897424	1192.947452	699.9407627	1.704354876
9.127773957	-5.220978732	-7.174376345	10.8681002	0.785647136	1191.452019	699.4234789	1.703477299
9.179479883	-5.261140107	-7.220309995	10.93319325	0.786328693	1191.131688	699.3864921	1.70310937
9.237599711	-5.300154014	-7.268876862	11.00431772	0.786990776	1189.699625	698.8993297	1.702247483
9.292759276	-5.343757793	-7.318258534	11.07401187	0.787730752	1188.401356	698.5866994	1.701150848
9.346932087	-5.385640369	-7.366286228	11.14214554	0.788441518	1187.904536	698.5117948	1.700622016
9.397651258	-5.423506809	-7.410579033	11.20548686	0.789084128	1185.776647	697.5923183	1.699813223
9.450541288	-5.463094449	-7.456817869	11.27157277	0.789755948	1185.820452	697.746986	1.699499211
9.509943897	-5.507845696	-7.508894796	11.34589246	0.790515397	1183.856972	697.0325106	1.698424326
9.562735252	-5.546285869	-7.55451056	11.41149721	0.791167744	1183.334976	696.8490278	1.698122446
9.615723958	-5.592184583	-7.60395427	11.47978549	0.791946666	1181.79711	696.4563701	1.696871708
9.669896769	-5.620297545	-7.645097157	11.54332928	0.792423755	1181.125226	696.3131408	1.696255833
9.723477527	-5.677670938	-7.700574232	11.61603451	0.793397408	1179.886822	696.1508852	1.694872256
9.77812398	-5.703488965	-7.740806472	11.67928697	0.793835551	1177.875445	695.4701324	1.693639152
9.829612819	-5.749387679	-7.789500249	11.74607538	0.794614473	1177.679861	695.4650815	1.693370224
9.888630594	-5.787254118	-7.837942356	11.8177153	0.795257083	1175.76841	694.8883993	1.692024807
9.942102809	-5.827989227	-7.885046018	11.88476588	0.795948376	1175.131734	694.696762	1.691575085
10.00075548	-5.861265795	-7.93101064	11.95451075	0.796513095	1173.402354	693.8011001	1.691266206
10.05403035	-5.900853436	-7.977441892	12.02098149	0.797184915	1172.617774	693.5601615	1.690722506
10.11117329	-5.941588544	-8.026380917	12.09170281	0.797876208	1171.23796	693.1193535	1.689807036
10.1645567	-5.97314391	-8.068850304	12.15560467	0.798411716	1169.437015	692.5592424	1.688573256
10.22391984	-6.022485028	-8.123202432	12.23141485	0.799249057	1168.917205	692.6461642	1.687610883
10.27594152	-6.05633533	-8.166138426	12.29471997	0.799823512	1166.785096	691.9864453	1.686138658
10.3289401	-6.093054301	-8.210997199	12.3599582	0.800446649	1166.446886	691.7338047	1.686265552
10.39188515	-6.132641942	-8.262263548	12.43609913	0.801118469	1164.50066	690.8549426	1.685593586
10.44516002	-6.168787179	-8.306973599	12.50142241	0.80173187	1163.859875	690.8216178	1.684747329
10.50076362	-6.207801086	-8.354282354	12.57003065	0.802393954	1162.242328	690.4239593	1.683374849
10.55667312	-6.242798856	-8.399735988	12.63760607	0.802987881	1160.503945	689.6148642	1.682829076
10.61017494	-6.290992506	-8.450583722	12.70717244	0.803805749	1159.953543	689.4716011	1.682380451
10.66423921	-6.323121606	-8.493680406	12.77194641	0.804350995	1157.847442	688.8988532	1.680721976
10.71947771	-6.362709246	-8.54109348	12.84038079	0.805022815	1157.207181	688.945139	1.679679724
10.7786435	-6.393690879	-8.586167189	12.90987379	0.805548587	1155.233472	687.9786521	1.679170522
10.83205651	-6.439015859	-8.635536185	12.97839513	0.806317772	1154.676869	687.7530755	1.678911967
10.88465051	-6.478029766	-8.68134014	13.04399377	0.806979855	1152.967146	687.4337139	1.677204831
10.94194147	-6.513601269	-8.727771369	13.11314189	0.80758352	1151.336754	687.010862	1.675863975
10.99194031	-6.549746507	-8.770843408	13.17518914	0.808196921	1150.622523	686.3936011	1.676330492
11.04689266	-6.579006937	-8.812949797	13.23989497	0.808693483	1148.508966	685.7781641	1.674752896
11.10389745	-6.624905651	-8.864401551	13.31219934	0.809472405	1147.822031	685.8399358	1.673600459
11.15287007	-6.657034751	-8.904952409	13.37188165	0.81001765	1145.758734	684.962578	1.67273187
11.20929268	-6.69776986	-8.953531269	13.44188263	0.810708943	1145.075871	684.673841	1.67243993
11.26198536	-6.734488831	-8.998237094	13.50681497	0.811332081	1143.320572	684.3494195	1.670667849
11.31460896	-6.764322995	-9.03946598	13.5693833	0.81183838	1142.142871	683.6474584	1.670660597
11.37578773	-6.810795443	-9.093291587	13.64605288	0.812627038	1140.978504	683.6493001	1.668952933
11.42750352	-6.846366947	-9.136935235	13.70962584	0.813230702	1138.652924	682.8147727	1.667586833
11.48477474	-6.88480712	-9.184790932	13.77971045	0.813883049	1138.026959	682.4052598	1.667670263
11.54065464	-6.914641284	-9.227647962	13.84553507	0.814389348	1136.052857	681.9570817	1.665871486
11.59245924	-6.952507723	-9.272483482	13.90996181	0.815031959	1135.185016	681.5993075	1.665472667
11.65142768	-6.983489355	-9.317458516	13.97925746	0.815557731	1133.501538	681.0074279	1.664448127
11.70404142	-7.022503262	-9.363272339	14.04487584	0.816219814	1132.274202	680.8496719	1.663031134
11.75884575	-7.054632362	-9.406739056	14.11038987	0.81676506	1130.993143	680.0928324	1.662998181
11.81496247	-7.10397348	-9.459467973	14.18295363	0.817602401	1128.461852	679.5285528	1.660654063
11.87464137	-7.123480433	-9.4990609	14.24913484	0.817933442	1127.969211	679.1351911	1.660890536
11.92446259	-7.163068074	-9.543765333	14.31215195	0.818605262	1125.745029	678.6543129	1.65879006
11.98067798	-7.200934513	-9.590806248	14.38098949	0.819247873	1124.807419	678.2608823	1.658369881
12.03662695	-7.229047476	-9.632837214	14.44630944	0.819724962	1122.946601	677.6012157	1.657238174
12.08843155	-7.269208851	-9.678820202	14.51150117	0.820406519	1121.687107	677.3918883	1.655890964
12.1440845	-7.316255033	-9.730169764	14.58283617	0.821204914	1120.090524	676.6697779	1.655298582
12.19529704	-7.354121472	-9.774709257	14.64667087	0.821847524	1117.996799	675.9525776	1.653957446
12.2537129	-7.38452937	-9.819121134	14.71522269	0.82236356	1116.936633	675.5191049	1.653449361
12.31321418	-7.406331259	-9.85977272	14.78199127	0.822733547	1114.652536	674.7673853	1.651906361
12.3689658	-7.44878757	-9.908876685	14.85189499	0.82345405	1113.582396	674.5015361	1.650970883
12.42234921	-7.474605596	-9.948477402	14.91388441	0.823892194	1111.515946	673.9625933	1.649224982
12.47652202	-7.514193237	-9.995357628	14.9812531	0.824564014	1110.537235	673.4962904	1.648913663
12.53049748	-7.544027401	-10.03726244	15.04517328	0.825070313	1108.582861	672.9344002	1.647386224
12.58644645	-7.582467575	-10.08445701	15.11393564	0.82572266	1106.47804	672.1631654	1.646145009
12.63992853	-7.61402294	-10.12697574	15.17793618	0.826258168	1105.261351	671.8273922	1.645156722
12.69173313	-7.64902071	-10.17037692	15.2414067	0.826852096	1102.387695	670.8500529	1.643269893
12.74827415	-7.685739681	-10.21700692	15.31018738	0.827475234	1101.278584	670.6803974	1.642031866
12.80195359	-7.716721313	-10.25933745	15.37419402	0.828001006	1098.780479	669.9076777	1.640196874
12.85494229	-7.744260542	-10.29960142	15.43636247	0.828468359	1097.500326	669.6319679	1.638960471
12.91572636	-7.779832045	-10.3477792	15.5090037	0.829072023	1095.08613	668.74699	1.63751934
12.96782698	-7.808518742	-10.38817286	15.57066656	0.829558849	1093.302155	668.0037535	1.636670676
13.02051966	-7.83605797	-10.42828882	15.63253899	0.830026202	1091.388081	667.205885	1.635759075
13.07686333	-7.876219345	-10.47654134	15.70226978	0.830707759	1088.116955	666.0659837	1.633647389
13.12985204	-7.910643381	-10.52024771	15.76673317	0.83129195	1086.601701	665.9508631	1.631654468
13.1846169	-7.937608875	-10.56111289	15.83048653	0.831749567	1083.394166	665.0119426	1.629134902
13.23957912	-7.95883703	-10.59920807	15.89252479	0.832109818	1082.126952	664.2399399	1.629120573
13.29079166	-7.990392396	-10.64059203	15.9542558	0.832645327	1079.351032	663.2146095	1.627453643
13.34762871	-8.026537634	-10.68708317	16.02314126	0.833258727	1077.160043	662.7745435	1.625228448
13.40249225	-8.058093	-10.73029263	16.08852325	0.833794236	1075.119498	662.2050041	1.623544811
13.46248691	-8.083911026	-10.77319897	16.15712392	0.83423238	1071.741803	661.0501677	1.621271509
13.51350211	-8.112023989	-10.81276305	16.21751011	0.834709469	1070.426117	660.2616837	1.621214957
13.56905638	-8.137268282	-10.85316233	16.28147914	0.835137876	1067.386683	659.3075491	1.618951102
13.62165038	-8.162512574	-10.89208148	16.34248791	0.835566283	1065.794506	659.1278794	1.616976826
13.68233577	-8.191773005	-10.93705439	16.41292677	0.836062846	1062.563125	657.7711062	1.615399513
13.7360152	-8.225623306	-10.98081926	16.47788964	0.8366373	1060.339315	657.0293502	1.613838582
13.79255623	-8.246851462	-11.01970384	16.54150671	0.836997552	1057.976088	656.5423281	1.611436221
13.83755222	-8.272669488	-11.05511085	16.59510872	0.837435695	1054.886743	655.1325523	1.610188258
13.89162636	-8.295618845	-11.0936226	16.65683264	0.837825156	1053.157148	654.8252107	1.60830269
13.94461506	-8.323731808	-11.13417344	16.71919233	0.838302246	1049.667307	653.6524463	1.605849275
14.00036668	-8.356434642	-11.17840066	16.78584489	0.838857227	1047.808908	652.893076	1.604870608
14.05631565	-8.3811052	-11.21871042	16.85001738	0.839275898	1044.631105	652.1639524	1.601792159
14.11117919	-8.400612154	-11.25589567	16.91138324	0.83960694	1042.744012	651.2252032	1.601203403
14.16712816	-8.427577648	-11.2973529	16.97632071	0.840064556	1040.010124	650.3245252	1.599217134
14.22287977	-8.450527006	-11.33670339	17.03972211	0.840454017	1037.225312	649.5469388	1.596844278
14.27961815	-8.471755161	-11.37568665	17.10353653	0.840814268	1034.448642	648.4105539	1.595360587
14.33428433	-8.496999454	-11.41564189	17.16661749	0.841242675	1031.395603	647.6532282	1.5925121
14.38668099	-8.52568615	-11.45618357	17.22857637	0.841729501	1028.645928	646.786844	1.590394019
14.44460347	-8.553225378	-11.49891442	17.29567859	0.842196854	1025.312077	645.4949663	1.588412196
14.4978882	-8.580190873	-11.53903954	17.35795182	0.842654471	1022.138974	644.7678955	1.585282055
14.55442922	-8.601419028	-11.57792412	17.42156889	0.843014722	1018.529667	643.1047149	1.583769553
14.60682587	-8.615188642	-11.61100726	17.47855542	0.843248399	1015.708299	642.515477	1.580830868
14.66070266	-8.646170275	-11.65343647	17.54275941	0.843774171	1012.086713	641.0878078	1.57870217
14.71260593	-8.654776283	-11.68369111	17.59753136	0.843920219	1008.644789	640.0213937	1.575954802
14.76973901	-8.68346298	-11.72660099	17.66422667	0.844407045	1005.716244	639.115164	1.573607232
14.8251946	-8.706986071	-11.76609033	17.72752329	0.844806242	1001.989631	637.7917418	1.571029485
14.88084754	-8.721329419	-11.80108848	17.78795735	0.845049655	999.8426936	637.3768159	1.568683813
14.93610578	-8.739688905	-11.83789734	17.84933542	0.845361224	996.4012332	636.1399324	1.566323984
14.99136402	-8.755753455	-11.87355874	17.90994851	0.845633847	993.6831271	634.963735	1.564944693
15.04316862	-8.771244271	-11.90720645	17.96691671	0.845896733	990.8442229	634.0084356	1.562824983
15.09882156	-8.792472426	-11.945647	18.02964571	0.846256984	987.6670032	633.3298424	1.559482811
15.15516524	-8.817716719	-11.98644098	18.09440414	0.846685391	985.7854742	632.3823301	1.558844116
15.20627911	-8.837223672	-12.02175139	18.15202033	0.847016433	982.5712125	631.1611975	1.556767457
15.26282013	-8.850993286	-12.05690671	18.21315122	0.847250109	981.1343887	631.1426582	1.554536642
15.32182804	-8.873368909	-12.09759847	18.27961767	0.847629833	977.3783576	629.5596939	1.552479244
15.37767833	-8.884843588	-12.13126096	18.33929286	0.847824564	975.4493899	629.2774066	1.550110301
15.43214717	-8.90262934	-12.16738825	18.39969028	0.848126396	973.4631361	628.195286	1.549618658
15.48947759	-8.920415091	-12.20494634	18.46294929	0.848428228	970.229288	627.5674447	1.546015964
15.54167689	-8.934184706	-12.2379308	18.51973846	0.848661905	967.5057423	626.2596621	1.544895514
15.59703381	-8.947380586	-12.2722072	18.57949401	0.848885845	964.7730402	625.7395354	1.541812504
15.64844371	-8.960002732	-12.30422322	18.63511129	0.849100048	963.1584109	624.9515896	1.541172831
15.70232049	-8.990410631	-12.34636556	18.69912404	0.849616084	959.3260367	623.8037416	1.537865153
15.75669066	-8.995000502	-12.37584558	18.75502416	0.849693976	957.939591	623.212145	1.537100326
15.81767207	-9.011638786	-12.41465543	18.82155167	0.849976335	955.2553821	622.5073247	1.534528742
15.86987137	-9.034588143	-12.45222976	18.88140075	0.850365796	952.8796167	621.3862309	1.53347398
15.92424153	-9.047210289	-12.48572591	18.9399783	0.85058	950.3676492	620.9785904	1.530435451
15.97772362	-9.069012178	-12.5233679	19.00072768	0.850949987	947.0824734	619.5730038	1.528605132
16.03219246	-9.074749518	-12.55347099	19.05710896	0.851047353	945.4899825	618.9321795	1.52761484
16.08873348	-9.090240334	-12.58948691	19.11881359	0.851310239	942.213587	617.8800897	1.524913333
16.14261026	-9.104583682	-12.62359697	19.17747149	0.851553652	940.7059269	617.7480463	1.522798708
16.19599367	-9.11892703	-12.65746035	19.23563601	0.851797065	938.0562619	616.7649626	1.520929882
16.25233734	-9.135565314	-12.69395133	19.29752578	0.852079424	935.7458491	615.813745	1.519527384
16.31055584	-9.156793469	-12.73367466	19.36282033	0.852439675	933.4890452	614.9120891	1.518085368
16.36768892	-9.147039992	-12.75736445	19.41670225	0.852274154	930.5131484	614.1306275	1.515171377
16.42136835	-9.16998935	-12.79567885	19.47803147	0.852663615	927.7253658	613.3515646	1.512550745
16.47554116	-9.182611496	-12.82907633	19.53641166	0.852877819	924.266539	612.1388023	1.509896996
16.53208218	-9.197528578	-12.86480538	19.59792504	0.853130968	921.762554	611.4036787	1.507616958
16.59158347	-9.205560853	-12.89857216	19.66010375	0.85326728	918.2733567	610.1803069	1.504921326
16.64348674	-9.22564154	-12.93456414	19.71870059	0.853608058	914.5869484	609.0314261	1.501707316
16.70032379	-9.234821283	-12.96757254	19.77859755	0.853763842	910.2617088	607.6903516	1.497903836
16.75568071	-9.254901971	-13.00529134	19.84064803	0.85410462	905.8862428	606.0617249	1.494709541
16.81301113	-9.25777064	-13.03539089	19.89893468	0.854153303	901.1601528	604.5357256	1.490664843
16.86905878	-9.268097851	-13.06857831	19.95842473	0.85432856	895.3462123	602.4285794	1.486227983
16.92846138	-9.278998796	-13.10373009	20.02146098	0.854513554	890.5818767	600.8806716	1.482127682
16.98174612	-9.290473474	-13.1361098	20.07857061	0.854708285	884.0520366	598.7542322	1.476485658
17.04144475	-9.296210813	-13.16882778	20.14018169	0.85480565	879.7619931	597.0645117	1.473478956
17.09492683	-9.304816822	-13.19987183	20.19653244	0.854951698	873.5620376	595.1284419	1.467854628
17.15245461	-9.310554162	-13.23150439	20.25597266	0.855049063	869.5634354	593.7754725	1.464465064
17.20939033	-9.31916017	-13.26427525	20.31577706	0.855195111	864.5666057	592.1093766	1.46014679
17.26020818	-9.318012703	-13.28911044	20.36621241	0.855175638	861.9082806	591.1033042	1.45813477
17.31536774	-9.331208583	-13.32328816	20.42577061	0.855399578	858.7844689	590.0716796	1.45539008
17.37477035	-9.334077253	-13.3544238	20.48612944	0.85544826	855.336862	589.0729993	1.452004867
17.42726568	-9.346699399	-13.38698254	20.54283215	0.855662464	854.5854341	588.8123914	1.451371348
17.48281995	-9.343830729	-13.41332534	20.59743019	0.855613781	851.6474928	588.0437436	1.448272347
17.54301196	-9.350141803	-13.44657688	20.65972589	0.855720883	850.1401856	587.5421179	1.446943393
17.59797418	-9.355305408	-13.47663979	20.71640931	0.855808512	848.2788628	586.6111489	1.446066725
17.65264036	-9.357600344	-13.50512035	20.77184048	0.855847458	847.0805612	586.1711871	1.445107811
17.70829331	-9.365632619	-13.53696296	20.83017085	0.855983769	845.7196785	585.7777035	1.443755325
17.76187406	-9.369648756	-13.56576141	20.88509032	0.856051925	844.5211196	585.4174159	1.442596508
17.81861244	-9.370796224	-13.59470433	20.94221118	0.856071398	844.1109118	585.2504459	1.442307166
17.87071306	-9.378828499	-13.62477078	20.99698923	0.856207709	843.0608796	585.1511432	1.440757468
17.92656336	-9.381697168	-13.65413026	21.05379575	0.856256392	842.8637859	585.2356433	1.440212666
17.98014411	-9.383992104	-13.68206811	21.10814148	0.856295338	842.6034348	584.8394656	1.440743117
18.03411957	-9.390303177	-13.71221138	21.16422063	0.85640244	841.5845217	584.2800019	1.440378789
18.08641755	-9.398335452	-13.7423765	21.21919604	0.856538751	841.4194056	584.4148792	1.439763831
18.1432546	-9.39948292	-13.77136876	21.27641557	0.856558224	840.5017793	584.2892738	1.438502839
18.19604595	-9.397761718	-13.79690384	21.32863319	0.856529014	841.6869998	584.7251993	1.439457374
18.25623797	-9.409236397	-13.83273718	21.3926501	0.856723745	840.6549727	584.2210222	1.43893311
18.30745052	-9.414400002	-13.86092526	21.44558385	0.856811373	840.2147615	583.9636432	1.43881348
18.36122862	-9.428169617	-13.89469912	21.50395183	0.85704505	840.5100639	584.0617533	1.439077391
18.41421733	-9.431038286	-13.92262781	21.55789676	0.857093733	838.9171168	583.7706989	1.43706616
18.46917954	-9.429317084	-13.94924831	21.61228524	0.857064523	839.7134483	584.0171748	1.437823209
18.52246428	-9.432759488	-13.97761188	21.66671744	0.857122942	838.4915119	583.5297786	1.436930115
18.57831457	-9.448250304	-14.01328244	21.72773134	0.857385828	838.0135595	583.2091592	1.436900546
18.63377016	-9.455135111	-14.04445264	21.78548187	0.857502666	837.192815	583.0857757	1.435797013
18.68912708	-9.447102836	-14.06811496	21.83816136	0.857366355	836.810118	583.167904	1.43493857
18.74300386	-9.452840175	-14.09792202	21.89395059	0.85746372	836.3372023	582.7508834	1.435153899
18.79549919	-9.464314854	-14.12990702	21.95027081	0.857658451	835.619783	582.3514137	1.434906421
18.85026405	-9.470052193	-14.16015812	22.00694812	0.857755816	835.06613	582.5267547	1.43352408
18.90236468	-9.479231936	-14.19079831	22.06210866	0.8579116	833.5663328	582.0970983	1.432005649
18.95969511	-9.481526872	-14.22061099	22.12020406	0.857950546	832.2094498	581.3553499	1.431498738
19.01564407	-9.484969275	-14.25030668	22.1773005	0.858008966	830.2166299	580.9105786	1.429164247
19.07050761	-9.491854082	-14.28118085	22.23445897	0.858125804	829.6733626	580.3792435	1.429536586
19.13050228	-9.499886357	-14.31519432	22.29713106	0.858262115	828.3916126	579.9619635	1.428355073
19.18280025	-9.507344898	-14.34507258	22.35191522	0.85838869	827.3009053	579.6879624	1.427148671
19.23943995	-9.507344898	-14.37339242	22.40855492	0.85838869	826.6677176	579.7970739	1.425788012
19.28946839	-9.511361036	-14.40041471	22.45992207	0.858456846	824.9338558	579.3297619	1.423945238
19.34670014	-9.510213568	-14.42845685	22.51677133	0.858437373	824.4641581	579.013676	1.423911372
19.39692594	-9.520540779	-14.45873336	22.57043953	0.85861263	822.8963503	578.4216074	1.422658386
19.45011199	-9.52799932	-14.48905566	22.62611177	0.858739205	822.4215765	578.0925635	1.422646871
19.50507421	-9.528573054	-14.51682363	22.68126522	0.858748941	821.5901093	577.8154078	1.421890275
19.56102318	-9.53832653	-14.54967485	22.74046535	0.858914462	821.2294516	577.6850565	1.421586801
19.61568936	-9.537752797	-14.57672108	22.7949403	0.858904726	820.551695	577.5289277	1.420797566
19.66581648	-9.541768934	-14.60379271	22.84640613	0.858972881	819.8152907	577.3236636	1.420027174
19.72344293	-9.548653741	-14.63604834	22.90632751	0.85908972	819.4939905	577.2065935	1.41975854
19.77998395	-9.551522411	-14.66575318	22.96382476	0.859138402	818.5419823	576.8295994	1.419036026
19.83238061	-9.553243613	-14.69281211	23.01679514	0.859167612	818.8420154	577.1502465	1.418767505
19.88507329	-9.556112282	-14.72059278	23.07044405	0.859216294	817.9118401	576.830866	1.417940489
19.94161431	-9.561275888	-14.7514451	23.12870627	0.859303923	817.5958131	576.6256617	1.41789703
19.99647785	-9.564144557	-14.7803112	23.18452603	0.859352606	817.1726974	576.5248271	1.417411114
20.05262417	-9.572750566	-14.81268737	23.24354102	0.859498653	815.989311	575.870011	1.416967884
20.10571155	-9.580782841	-14.84324719	23.29930583	0.859634965	816.3024901	575.964434	1.417279335
20.15958833	-9.585372712	-14.87248052	23.35471257	0.859712857	815.911224	575.904288	1.416747958
20.21159028	-9.58938885	-14.90048957	23.40805323	0.859781013	816.2985633	576.2336111	1.416610464
20.26329621	-9.599142327	-14.93121927	23.46301032	0.859946533	815.2405562	575.8212841	1.415787465
20.31342333	-9.596273657	-14.95484849	23.51218121	0.859897851	815.1177968	575.8612583	1.415476011
20.37687163	-9.597994859	-14.98743324	23.57620325	0.85992706	814.578698	575.6310607	1.415105531
20.42828153	-9.610617005	-15.01944927	23.63182053	0.860141264	814.0641091	575.199339	1.415273026
20.4842305	-9.611190739	-15.04771062	23.68796074	0.860151	813.8550441	575.0598607	1.415252741
20.53781125	-9.612911941	-15.0753616	23.74211524	0.86018021	813.0314883	574.9646401	1.414054764
20.59198407	-9.627829023	-15.10990654	23.80126041	0.86043336	813.3279224	575.1840635	1.414030697
20.64665025	-9.624386619	-15.13551844	23.85477913	0.86037494	812.6538036	575.0701612	1.413138532
20.70121777	-9.625534087	-15.16337593	23.90972913	0.860394413	812.6450049	574.9873063	1.413326861
20.75647601	-9.632992628	-15.19473432	23.96747355	0.860520988	811.6921069	574.5786476	1.412673635
20.80828061	-9.639877435	-15.22407902	24.02157309	0.860637826	810.9885389	574.263879	1.412222793
20.8633415	-9.644467307	-15.2539044	24.07816393	0.860715719	811.0873528	574.2664209	1.412388611
20.91948782	-9.643319839	-15.28140383	24.13392776	0.860696246	809.7024377	574.1949086	1.41015259
20.97020699	-9.650204646	-15.31020582	24.18694187	0.860813084	810.5235809	574.507855	1.410813749
21.02319569	-9.645041041	-15.33411837	24.23820937	0.860725455	810.3137368	574.4678169	1.410546793
21.07983539	-9.655941985	-15.36788869	24.29848272	0.860910449	810.5724939	574.3840933	1.411202893
21.13242939	-9.649630912	-15.39103015	24.34897303	0.860803347	809.6450553	574.0849171	1.410322813
21.18383929	-9.66684293	-15.42534111	24.40612027	0.861095443	809.6319201	573.8402867	1.410901149
21.2416631	-9.667990398	-15.45482675	24.46432656	0.861114916	809.1680911	573.836361	1.410102507
21.29672399	-9.667416664	-15.48207032	24.51919621	0.86110518	808.4507765	573.7982762	1.408945983
21.34961402	-9.673727737	-15.51167088	24.57418993	0.861212281	808.5185286	573.7311302	1.409228968
21.40319477	-9.679465076	-15.54132993	24.62968313	0.861309646	807.8044224	573.2129628	1.409257073
21.45391394	-9.676022673	-15.56496831	24.67925484	0.861251227	808.1552111	573.2592924	1.4097551
21.50976424	-9.693234691	-15.60149946	24.74084247	0.861543323	807.5919756	573.4919072	1.408201172
21.56166751	-9.693234691	-15.6274511	24.79274574	0.861543323	807.6790778	573.1009053	1.40931391
21.61899794	-9.706430571	-15.66271425	24.8544748	0.861767263	807.267494	573.1534647	1.408466569
21.67544028	-9.703561901	-15.68950109	24.90996092	0.86171858	805.8803669	572.911563	1.40664008
21.72625813	-9.702988167	-15.71462315	24.96058752	0.861708844	806.7217884	572.9316828	1.408059307
21.78082564	-9.71216791	-15.74649678	25.01821495	0.861864628	805.9715218	572.8309819	1.406997085
21.83420905	-9.71216791	-15.77318848	25.07159835	0.861864628	806.7451609	573.2591616	1.407295713
21.8906514	-9.71503658	-15.80284399	25.12899692	0.861913311	805.4028865	572.4312568	1.406986213
21.94018646	-9.718478983	-15.82933272	25.17967946	0.86197173	805.7938649	572.640371	1.407155181
21.99712219	-9.719052717	-15.85808745	25.23680643	0.861981466	805.4592303	572.7993121	1.406180513
22.04833473	-9.725937524	-15.88713613	25.29031391	0.862098305	805.3427286	572.4198782	1.406909088
22.10122476	-9.726511258	-15.91386801	25.34339518	0.862108041	805.4772963	572.7453521	1.406344536
22.15520022	-9.733969799	-15.94458501	25.39985682	0.862234616	804.6590742	572.1326594	1.406420453
22.20601807	-9.740280873	-15.97314947	25.45277836	0.862341718	805.3190844	572.4423928	1.406812449
22.23394322	-9.733969799	-15.98395651	25.47859982	0.862234616	805.2131011	572.557911	1.406343508
