eps1        epsv      eps3             epsq       Void ratio    q           p          eta = q/p  
[%]         [%]       [%]              [%]        [%]           [kPa]       [kPa]      [-]

0	0	0	0	0.97513162	2.50	201.81	0.01
0.024615149	0.014202319	-0.005206415	0.019881043	0.974851106	16.44970853	206.4476746	0.079679796
0.058768158	0.034281459	-0.012243349	0.047341004	0.974454516	33.56028863	212.1612353	0.158182943
0.094105664	0.058768216	-0.017668724	0.074516258	0.973970871	48.51060038	217.1141655	0.223433604
0.128357381	0.079337092	-0.024510144	0.101911683	0.973564608	60.56929536	221.0829935	0.273966325
0.161227184	0.103823849	-0.028701668	0.126619234	0.973080963	68.62751858	223.7283649	0.306744827
0.200216891	0.131738751	-0.03423907	0.156303973	0.972529607	79.292545	227.2628197	0.348902408
0.239404013	0.159653654	-0.03987518	0.186186129	0.971978251	88.8233409	230.4295557	0.385468525
0.287770991	0.188058292	-0.04985635	0.225084894	0.971417222	97.74991607	233.3847698	0.418835883
0.318370508	0.214993725	-0.051688392	0.246705933	0.970885211	106.2442862	236.2265845	0.449755841
0.366441361	0.241929157	-0.062256102	0.285798309	0.970353201	114.0939488	238.8225847	0.477735173
0.412538052	0.269354325	-0.071591864	0.322753277	0.969811518	121.8054881	241.3625098	0.504657862
0.448467807	0.295800022	-0.076333893	0.3498678	0.969289181	128.858273	243.7134381	0.528728633
0.488938136	0.322245719	-0.083346208	0.381522896	0.968766843	135.8116661	246.0413508	0.551987158
0.531876167	0.347711946	-0.09208211	0.415972185	0.968263852	142.4023452	248.2587978	0.573604426
0.571655538	0.372688438	-0.09948355	0.447426059	0.967770533	148.5394954	250.2435815	0.593579641
0.618838019	0.399623871	-0.109607074	0.485630062	0.967238523	154.8728285	252.3849566	0.613637321
0.662960548	0.424110627	-0.11942496	0.521590338	0.966754877	160.6615996	254.2535329	0.631895249
0.709649487	0.448597384	-0.130526052	0.560117026	0.966271232	166.2851031	256.1077231	0.649277972
0.756141011	0.473573876	-0.141283567	0.598283052	0.965777913	171.8613752	257.9462505	0.666268166
0.794044928	0.495611957	-0.149216485	0.628840942	0.965342632	177.0058626	259.6508836	0.681707145
0.839351954	0.519119244	-0.160116355	0.666312206	0.964878332	182.2390094	261.3342519	0.697340697
0.881993861	0.54262653	-0.169683666	0.701118351	0.964414032	187.1119825	262.9889212	0.711482376
0.920786152	0.564174876	-0.178305638	0.73272786	0.963988424	191.9676177	264.5462903	0.725648496
0.962934518	0.585723222	-0.188605648	0.767693444	0.963562816	196.6621311	266.1316011	0.738965723
1.020481351	0.607761303	-0.206360024	0.81789425	0.963127535	201.0189737	267.644815	0.751066198
1.059471057	0.628330179	-0.215570439	0.850027664	0.962721272	205.4462501	269.0797088	0.763514466
1.102014256	0.64938879	-0.226312733	0.885551326	0.962305337	209.8462575	270.5669319	0.775579839
1.14899932	0.669957666	-0.239520827	0.925680099	0.961899075	213.8521955	271.8713326	0.786593399
1.189667065	0.690526541	-0.249570262	0.959491551	0.961492812	218.0796019	273.31138	0.797916288
1.232012848	0.710115947	-0.26094845	0.995307532	0.961105896	221.9561385	274.5428689	0.808457125
1.284130734	0.729705352	-0.277212691	1.040895616	0.960718979	225.8084839	275.826903	0.818660114
1.327266181	0.748315287	-0.289475447	1.077827752	0.960351409	229.6196897	277.117616	0.828600119
1.373165456	0.766925222	-0.303120117	1.117523715	0.959983838	233.136701	278.2489261	0.837870982
1.421335018	0.786514628	-0.317410195	1.159163475	0.959596921	236.9532431	279.5617288	0.847588274
1.464371757	0.803655358	-0.3303582	1.196486638	0.959258369	240.4124079	280.6339447	0.856676152
1.506026583	0.821285822	-0.34237038	1.232264642	0.958910144	243.7410971	281.7639808	0.865054137
1.548471074	0.838916287	-0.354777393	1.268832311	0.95856192	247.2183357	282.9027493	0.87386332
1.590422024	0.855567282	-0.367427371	1.30523293	0.95823304	250.293083	283.9580911	0.881443744
1.633754888	0.873197747	-0.38027857	1.342688972	0.957884816	253.6884157	285.0693146	0.889918356
1.692190093	0.889848741	-0.401170676	1.395573846	0.957555937	256.9068181	286.1014124	0.897957182
1.7311798	0.906499736	-0.412340032	1.429013221	0.957227057	259.9457786	287.0940073	0.905437843
1.771748837	0.923150731	-0.424299053	1.464031926	0.956898178	263.1120714	288.1801072	0.913012608
1.816759738	0.93833252	-0.439213609	1.503982232	0.956598318	265.8618943	289.0963908	0.919630624
1.858710688	0.954004044	-0.452353322	1.54070934	0.956288785	268.8285446	290.0752403	0.926754536
1.904412547	0.969675569	-0.467368489	1.581187358	0.955979252	271.7072122	291.0246811	0.933622575
1.953174357	0.984857358	-0.4841585	1.624888571	0.955679391	274.3843402	291.9069421	0.939971959
1.997790427	0.999549412	-0.499120507	1.664607289	0.955389204	277.2975299	292.8678904	0.946834867
2.037964631	1.013751731	-0.51210645	1.700047387	0.955108689	279.8787957	293.7078393	0.952915647
2.08465357	1.02795405	-0.52834976	1.742002221	0.954828175	282.420873	294.5450024	0.958837769
2.132527008	1.042156369	-0.545185319	1.785141551	0.95454766	285.2230543	295.5095698	0.965190584
2.178821115	1.056358688	-0.561231214	1.826701552	0.954267146	287.7815501	296.2815628	0.971311031
2.224621682	1.070561007	-0.577030338	1.867768013	0.953986631	290.3776155	297.1873779	0.977085963
2.26825067	1.084763325	-0.591743672	1.906662895	0.953706117	292.8458748	297.999773	0.982705026
2.313755112	1.097986174	-0.607884469	1.947759721	0.953444948	295.1146842	298.7458468	0.987845312
2.357680225	1.109250082	-0.624215071	1.987930197	0.953222471	297.7024865	299.5982516	0.993672309
2.400223424	1.121003726	-0.639609849	2.026555515	0.952990321	300.010462	300.3472657	0.998878619
2.442273082	1.134226574	-0.654023254	2.064197557	0.952729153	302.3418239	301.1650084	1.003907544
2.498536709	1.147449423	-0.675543643	2.116053568	0.952467984	304.6462153	301.8420228	1.009290265
2.534269048	1.160182536	-0.687043256	2.147541536	0.952216488	306.8036894	302.5608569	1.014023071
2.588854637	1.17193618	-0.708459229	2.198209244	0.951984338	309.0672384	303.3459612	1.018860568
2.627350803	1.184179558	-0.721585622	2.232624284	0.951742516	311.1550245	304.0620389	1.023327429
2.663477974	1.195443466	-0.734017254	2.264996819	0.951520039	313.1894921	304.7401948	1.027726232
2.712930741	1.206707374	-0.753111683	2.31069495	0.951297561	315.5571153	305.4684695	1.033026799
2.761692551	1.217971282	-0.771860635	2.355702124	0.951075084	317.4911259	306.1437277	1.037065591
2.806012496	1.229724926	-0.788143785	2.396104188	0.950842935	319.5528454	306.8712655	1.041325407
2.852997561	1.240988834	-0.806004363	2.439334616	0.950620458	321.5461069	307.485111	1.04572903
2.897218797	1.251273272	-0.822972763	2.480127707	0.950417326	323.4495588	308.109318	1.049788305
2.935616255	1.262047445	-0.836784405	2.514933774	0.950204522	325.5987739	308.815446	1.054347437
2.995532083	1.272331882	-0.8616001	2.571421455	0.950001391	327.3334439	309.4041084	1.057947956
3.045774515	1.28261632	-0.881579097	2.618235741	0.94979826	329.2118901	310.0201421	1.061904842
3.0869358	1.293390493	-0.896772653	2.655805636	0.949585456	331.1589414	310.6486862	1.066023956
3.127800961	1.303185196	-0.912307882	2.693405896	0.949391998	332.8578646	311.2353049	1.069473351
3.171726073	1.313469634	-0.92912822	2.733902862	0.949188866	334.7911274	311.8594149	1.073532212
3.22384396	1.323264337	-0.950289812	2.782755847	0.948995408	336.4672228	312.3979643	1.077046784
3.263031083	1.333059039	-0.964986022	2.818678069	0.94880195	338.1493146	312.9688576	1.08045675
3.313372223	1.341874272	-0.985748975	2.866080799	0.948627837	340.2008998	313.6728683	1.084572286
3.356803795	1.351179239	-1.002812278	2.906410715	0.948444052	341.6571863	314.1378242	1.087602829
3.420569239	1.359994472	-1.030287384	2.967237748	0.94826994	343.3198547	314.671817	1.091041003
3.464198227	1.369299439	-1.047449394	3.00776508	0.948086154	345.1103255	315.2785936	1.094620226
3.509603961	1.377135201	-1.06623438	3.050558894	0.947931388	346.6253575	315.7937192	1.097632209
3.553134241	1.386440169	-1.083347036	3.090987518	0.947747602	348.4696604	316.4086489	1.101327861
3.596960646	1.395255401	-1.100852622	3.131875512	0.94757349	350.0286805	316.9282412	1.104441432
3.644932791	1.403580899	-1.120675946	3.177072491	0.94740905	351.5695733	317.4417912	1.107508788
3.697346801	1.411416661	-1.14296507	3.226874581	0.947254284	353.184605	317.9395131	1.110854708
3.739199043	1.419742158	-1.159728443	3.265951657	0.947089844	354.7076629	318.498341	1.113687631
3.793488508	1.428067656	-1.182710426	3.317465957	0.946925405	356.2396117	318.9380236	1.1169556
3.836722664	1.436393153	-1.200164756	3.357924946	0.946760965	357.7736394	319.4694342	1.119899437
3.888643134	1.44373918	-1.222451977	3.407396741	0.946615871	359.2517006	319.9619593	1.122795039
3.934443701	1.452064677	-1.241189512	3.450422142	0.946451432	360.8481778	320.4838413	1.125948117
3.983304219	1.459410704	-1.261946757	3.496833984	0.946306338	362.0173105	320.8735522	1.128224212
4.026143542	1.467246466	-1.279448538	3.537061387	0.946151572	363.6951788	321.4530717	1.131409872
4.068588033	1.474592493	-1.29699777	3.577057202	0.946006478	365.0355189	321.9102097	1.133966889
4.11280927	1.481448785	-1.315680242	3.618993008	0.945871057	366.3474925	322.3676832	1.136427476
4.155056344	1.489774283	-1.332641031	3.658464917	0.945706617	367.9510426	322.9018759	1.139513487
4.198882749	1.495651104	-1.351615822	3.700332381	0.945590543	369.1466611	323.3310844	1.141698645
4.238365996	1.502997131	-1.367684432	3.737366952	0.945445449	370.5870948	323.79108	1.144525337
4.284660103	1.509363688	-1.387648208	3.781538874	0.945319701	371.8659163	324.1667788	1.147143818
4.337172822	1.51621998	-1.410476421	3.831766162	0.94518428	373.0094273	324.5476252	1.149321081
4.389389416	1.523566007	-1.432911705	3.881534081	0.945039186	374.5267876	324.9929649	1.152415061
4.436275772	1.529932564	-1.453171604	3.926298251	0.944913439	375.7249928	325.3719747	1.15475524
4.478226723	1.535809385	-1.471208669	3.966290261	0.944797364	376.7908928	325.7269507	1.156769165
4.529160111	1.542175942	-1.493492085	4.015101464	0.944671616	378.2681679	326.2195377	1.159550929
4.571111062	1.549032234	-1.511039414	4.054766984	0.944536195	379.3356934	326.5244805	1.161737377
4.621452202	1.555398791	-1.533026705	4.102985938	0.944410447	380.6640245	327.0081226	1.164081251
4.668042433	1.561275612	-1.55338341	4.147617229	0.944294372	381.9483928	327.4057383	1.166590405
4.715817162	1.567642169	-1.574087497	4.193269773	0.944168624	382.9874808	327.751858	1.168528786
4.764776389	1.573029256	-1.595873567	4.240433304	0.944062222	384.3135739	328.194132	1.170994653
4.801890641	1.578416342	-1.61173715	4.275751861	0.94395582	385.4082145	328.5488972	1.173061964
4.860227139	1.584782899	-1.63772212	4.331966173	0.943830072	386.4937753	328.9311428	1.174999035
4.897834932	1.590169985	-1.653832473	4.36777827	0.94372367	387.8437203	329.4218275	1.177346757
4.943240666	1.596046807	-1.67359693	4.411225064	0.943607595	388.7739028	329.7216923	1.179097135
4.997628839	1.600944158	-1.69834234	4.463980786	0.943510866	390.1989969	330.1459867	1.18189835
5.044120363	1.606331245	-1.718894559	4.508676614	0.943404464	390.9910966	330.4198919	1.183315854
5.084788107	1.611718331	-1.736534888	4.547548664	0.943298062	392.1576404	331.1304759	1.18429945
5.13759695	1.617105418	-1.760245766	4.598561811	0.94319166	393.4206779	331.7233624	1.185990263
5.186951009	1.622002769	-1.78247412	4.64628342	0.943094931	394.2883199	332.0834624	1.187316939
5.232751576	1.626410386	-1.803170595	4.690614781	0.943007875	395.500105	332.5381277	1.189337619
5.276577981	1.631797472	-1.822390254	4.73264549	0.942901473	396.5937027	333.0539803	1.190779051
5.323168212	1.637184558	-1.842991827	4.777440026	0.942795071	397.5824217	333.4447293	1.192348796
5.372324855	1.64110244	-1.865611208	4.825290708	0.942717687	398.7008369	333.8274874	1.194331959
5.415756427	1.645510056	-1.885123186	4.867253075	0.942630631	399.5861656	334.2429239	1.19549626
5.460964745	1.650407407	-1.905278669	4.910828942	0.942533902	400.6861322	334.5909695	1.197540187
5.503606652	1.654815023	-1.924395814	4.952001644	0.942446846	401.7754904	334.8514809	1.19986177
5.553849084	1.65922264	-1.947313222	5.000774871	0.942359789	402.6657548	335.0579297	1.201779511
5.600143191	1.664119991	-1.9680116	5.045436528	0.94226306	403.8865776	335.5261276	1.203741063
5.655123613	1.668527607	-1.993298003	5.098947744	0.942176004	404.6623281	335.6638981	1.205558091
5.703391883	1.672445488	-2.015473197	5.145910053	0.942098621	405.7211272	335.9256341	1.207770667
5.745244125	1.677832575	-2.033705775	5.1859666	0.941992219	406.8308729	336.1338714	1.210323944
5.788280864	1.683219661	-2.052530601	5.227207644	0.941885817	407.6223038	336.3473497	1.211908773
5.831218895	1.687137542	-2.072040676	5.268839715	0.941808433	408.7193256	336.7843146	1.213593709
5.880178122	1.690075953	-2.095051084	5.316819471	0.941750396	409.6565523	337.0550485	1.215399544
5.922129072	1.694483569	-2.113822751	5.357301215	0.94166334	410.4643208	337.2127967	1.217226407
5.966054184	1.69742198	-2.134316102	5.400246858	0.941605302	411.5681517	337.5306513	1.21935045
6.00928834	1.703298802	-2.152994769	5.441522073	0.941489227	412.3563824	337.7330289	1.220953674
6.052028955	1.706237213	-2.172895871	5.483283218	0.94143119	413.3168155	338.0831132	1.222530198
6.098026938	1.710155094	-2.193935922	5.52797524	0.941353806	414.3392636	338.3023063	1.224760387
6.1498487	1.713093505	-2.218377598	5.578817532	0.941295769	414.9281255	338.4075586	1.226119556
6.197722137	1.71652165	-2.240600243	5.625548254	0.941228059	415.992945	338.7423494	1.228051189
6.240166628	1.719460061	-2.260353283	5.667013274	0.941170021	416.7678235	338.9199652	1.229693929
6.284486573	1.722888207	-2.280799183	5.710190504	0.941102311	417.5538867	339.1717093	1.231098807
6.331175513	1.726316353	-2.30242958	5.755736728	0.9410346	418.6572933	339.4178075	1.233457067
6.378259285	1.729744499	-2.324257393	5.801677785	0.94096689	419.2830248	339.6463717	1.234469318
6.429784923	1.732193175	-2.348795874	5.852387198	0.940918525	420.0298372	339.8143891	1.236056655
6.476967403	1.735131586	-2.370917909	5.898590208	0.940860488	420.9614116	340.1249139	1.237667087
6.520892515	1.738559732	-2.391166392	5.941372605	0.940792777	421.6170077	340.343041	1.238800143
6.564916336	1.741008407	-2.411953964	5.9845802	0.940744413	422.704557	340.7154294	1.240638141
6.610716903	1.743457083	-2.43362991	6.029564542	0.940696048	423.2364615	340.8211969	1.241813788
6.667276654	1.746395494	-2.46044058	6.085144823	0.940638011	424.0850244	341.1245242	1.243197115
6.709819853	1.74982364	-2.479998107	6.126545307	0.9405703	424.8709126	341.3766959	1.244580892
6.753646258	1.752272315	-2.500686971	6.169555486	0.940521936	425.5003691	341.5761568	1.245696928
6.79441271	1.754720991	-2.51984586	6.209505713	0.940473571	426.3612468	341.832609	1.247280791
6.849097008	1.757659402	-2.545718803	6.26321054	0.940415534	426.9233499	342.0502407	1.248130535
6.894502742	1.759128607	-2.567687067	6.308126539	0.940386515	427.7205423	342.2958225	1.249564015
6.934084697	1.762067018	-2.58600884	6.346729024	0.940328478	428.6226296	342.5860793	1.251138489
6.991532822	1.765005429	-2.613263696	6.403197679	0.94027044	429.0966281	342.7847008	1.251796323
7.035754059	1.766964369	-2.634394845	6.446765936	0.940231748	429.9349128	343.04398	1.253293857
7.08392362	1.76990278	-2.65701042	6.493956027	0.940173711	430.5950947	343.2841086	1.254340308
7.12903323	1.772351456	-2.678340887	6.538249411	0.940125346	431.4657793	343.5740938	1.255815811
7.18046016	1.773820661	-2.703319749	6.589186606	0.940096328	432.1749724	343.7900185	1.257089936
7.229616802	1.775779602	-2.7269186	6.637690268	0.940057636	432.6967985	343.9742376	1.257933738
7.284597224	1.778718013	-2.752939606	6.69169122	0.939999599	433.3396849	344.198972	1.258980183
7.332075829	1.780187218	-2.775944305	6.738680089	0.93997058	434.1367654	344.4645035	1.260323665
7.368992665	1.782635894	-2.793178386	6.7747807	0.939922215	434.697586	344.6615587	1.261230256
7.415977729	1.785084569	-2.81544658	6.820949539	0.939873851	435.6260272	344.9709581	1.262790438
7.460593798	1.786553775	-2.837020012	6.865075873	0.939844832	436.2893321	345.1508708	1.264053981
7.504321495	1.788512715	-2.85790439	6.908150589	0.93980614	436.8679544	345.3847719	1.264873237
7.549529813	1.790471656	-2.879529078	6.952705927	0.939767449	437.6012203	345.6189168	1.266137931
7.598785163	1.792430596	-2.903177283	7.001308298	0.939728757	438.0439392	345.7770908	1.266839102
7.648435347	1.794389537	-2.927022905	7.050305501	0.939690065	438.7544112	345.9631778	1.268211299
7.700257109	1.795858742	-2.952199183	7.101637528	0.939661047	439.4333616	346.2097246	1.269269262
7.743589972	1.797327948	-2.973131012	7.144480657	0.939632028	439.971767	346.3684771	1.270241942
7.787317669	1.797817683	-2.994749993	7.188045108	0.939622355	440.647175	346.7147501	1.270921341
7.836375603	1.800266359	-3.018054622	7.236286817	0.93957399	441.1071904	346.9487655	1.271389998
7.888789614	1.801735564	-3.043527025	7.288211093	0.939544972	441.7437436	347.2212349	1.272225599
7.935083721	1.803204769	-3.065939476	7.334015465	0.939515953	442.5344916	347.4947706	1.273499716
7.976738547	1.80418424	-3.086277154	7.3753438	0.939496607	443.0390857	347.6932326	1.274224069
8.026882271	1.805653445	-3.110614413	7.424997789	0.939467588	443.7735781	348.0195504	1.275139795
8.068438389	1.807612386	-3.130413001	7.465900927	0.939428897	444.2098835	348.1041336	1.276083334
8.110488047	1.809081591	-3.150703228	7.50746085	0.939399878	444.7486364	348.2937519	1.276935443
8.152241581	1.810061061	-3.17109026	7.548887894	0.939380532	445.465207	348.5224937	1.27815339
8.202977553	1.811530267	-3.195723643	7.599134131	0.939351513	445.9603673	348.6773512	1.279005837
8.251147115	1.812020002	-3.219563557	7.647140448	0.93934184	446.6776498	348.9570673	1.280036118
8.300797298	1.813489207	-3.243654045	7.696300896	0.939312822	447.2301036	349.1014066	1.281089377
8.346499157	1.814468678	-3.26601524	7.741676264	0.939293476	447.7272229	349.206423	1.282127685
8.398320919	1.815448148	-3.291436385	7.793171536	0.93927413	448.2830894	349.3613669	1.283150147
8.440370577	1.816427618	-3.311971479	7.834894704	0.939254784	448.7072569	349.462701	1.283991841
8.484098273	1.816917353	-3.33359046	7.878459156	0.939245111	449.352595	349.6371107	1.285197083
8.536512284	1.818876294	-3.358817995	7.930220186	0.93920642	449.961121	349.9005617	1.285968559
8.58497797	1.819366029	-3.38280597	7.978522627	0.939196747	450.4386622	350.0086811	1.286935686
8.625547006	1.819855764	-3.402845621	8.018928418	0.939187074	451.2041185	350.2638332	1.28818358
8.670360492	1.820345499	-3.425007496	8.063578659	0.939177401	451.5198821	350.3491008	1.288771346
8.713199815	1.820835234	-3.44618229	8.106254737	0.939167728	452.1656277	350.4327733	1.290306336
8.762060333	1.82230444	-3.469877947	8.15462552	0.939138709	452.7852131	350.5888888	1.29149904
8.814276928	1.82328391	-3.495496509	8.206515625	0.939119363	453.0823673	350.7489542	1.291756859
8.864381169	1.82328391	-3.520548629	8.256619865	0.939119363	453.9007729	350.981134	1.293234105
8.912017706	1.82426338	-3.543877163	8.303929913	0.939100018	454.3792557	351.1101213	1.294121782
8.949763691	1.824753115	-3.562505288	8.341512652	0.939090345	454.6731015	351.1675289	1.294746991
8.997637128	1.825242851	-3.586197139	8.389222844	0.939080672	455.4488374	351.4262695	1.296001116
9.04168069	1.825732586	-3.607974052	8.433103161	0.939070999	455.7455803	351.5656438	1.296331392
9.088034022	1.826222321	-3.630905851	8.479293249	0.939061326	456.3674201	351.7421738	1.297448683
9.131741977	1.827201791	-3.652270093	8.522674713	0.93904198	457.0394573	351.9562332	1.29856901
9.178282854	1.827691526	-3.675295664	8.569052346	0.939032307	457.2508724	352.0165089	1.298947239
9.225573914	1.827691526	-3.698941194	8.616343405	0.939032307	458.040522	352.3100704	1.300106243
9.270782232	1.827201791	-3.72179022	8.661714968	0.93904198	458.3768649	352.4424957	1.300572066
9.317974583	1.828181261	-3.744896661	8.708580829	0.939022634	458.8510823	352.5802572	1.301408893
9.371217742	1.828181261	-3.77151824	8.761823988	0.939022634	459.3070165	352.7525462	1.302065772
9.414106419	1.828670997	-3.792717711	8.80454942	0.939012961	459.8523178	352.9342323	1.302940536
9.46579986	1.828670997	-3.818564432	8.856242862	0.939012961	460.3498371	353.0697271	1.303849642
9.505450911	1.828670997	-3.838389957	8.895893913	0.939012961	460.9254883	353.2716448	1.304733893
9.548714679	1.829160732	-3.859776974	8.938994436	0.939003288	461.2371324	353.4162292	1.305081924
9.591998189	1.829160732	-3.881418729	8.982277945	0.939003288	461.8811894	353.6104419	1.306186511
9.640108526	1.829160732	-3.905473897	9.030388282	0.939003288	462.0940152	353.6712688	1.306563626
9.686007801	1.829160732	-3.928423535	9.076287557	0.939003288	462.5116018	353.7801193	1.30734198
9.735016381	1.828670997	-3.953172692	9.125459382	0.939012961	463.1393355	353.9998029	1.308303936
9.780520824	1.829160732	-3.975680046	9.17080058	0.939003288	463.4189033	354.0930732	1.308748853
9.828818706	1.829160732	-3.999828987	9.219098462	0.939003288	464.0509268	354.2933897	1.309792788
9.882111219	1.829160732	-4.026475243	9.272390975	0.939003288	464.3396026	354.3796619	1.31028852
9.931889723	1.828670997	-4.051609363	9.322332724	0.939012961	464.7313328	354.4801367	1.311022212
9.976574888	1.828181261	-4.074196813	9.367181134	0.939022634	465.3243887	354.69789	1.311889362
10.02016439	1.828181261	-4.095991566	9.410770639	0.939022634	465.7840992	354.8505598	1.312620444
10.06927168	1.828181261	-4.12054521	9.459877927	0.939022634	466.2320961	355.0507911	1.313141972
10.12476539	1.827691526	-4.148536929	9.515534876	0.939032307	466.7140156	355.1813289	1.314016187
10.17271779	1.827691526	-4.172513131	9.56348728	0.939032307	467.0085814	355.2897945	1.31444412
10.21956466	1.826712056	-4.196426303	9.610660643	0.939051653	467.5314899	355.4436244	1.315346395
10.25905778	1.826222321	-4.216417729	9.650317006	0.939061326	467.9190991	355.6136114	1.315807618
10.30952724	1.826712056	-4.241407592	9.700623222	0.939051653	468.3060712	355.7523121	1.316382368
10.35559432	1.825732586	-4.264930867	9.74701679	0.939070999	468.8833093	355.8841158	1.317516822
10.4016614	1.825242851	-4.288209273	9.793247114	0.939080672	469.0422807	355.9774853	1.317617827
10.44355312	1.824753115	-4.309400004	9.835302084	0.939090345	469.519897	356.1466437	1.318333067
10.48892924	1.82426338	-4.332332932	9.880841451	0.939100018	469.9785595	356.2895782	1.319091515
10.52829404	1.82328391	-4.352505066	9.920532739	0.939119363	470.4133774	356.4752205	1.319624339
10.57422293	1.82230444	-4.375959245	9.966788116	0.939138709	470.7781483	356.5663038	1.320310257
10.62314267	1.821814705	-4.400663984	10.0158711	0.939148382	471.1812064	356.7110955	1.320904262
10.671559	1.821324969	-4.425117017	10.06445068	0.939158055	471.7431188	356.8678927	1.321898463
10.72879984	1.820835234	-4.453982304	10.12185476	0.939167728	472.0135042	356.9784941	1.322246331
10.77327772	1.819855764	-4.476710978	10.16665913	0.939187074	472.1393642	357.0100895	1.322481852
10.82439865	1.818386559	-4.503006048	10.2182698	0.939216093	472.8191247	357.2061693	1.323658899
10.87095927	1.817407088	-4.526776093	10.26515691	0.939235438	472.9676639	357.2555204	1.323891828
10.91780615	1.816427618	-4.550689264	10.31233027	0.939254784	473.4098466	357.3724076	1.324696134
10.96644951	1.815937883	-4.575255812	10.36113688	0.939264457	473.8614693	357.6346185	1.324987696
11.00826227	1.814958413	-4.596651926	10.40327613	0.939283803	474.0510715	357.6880282	1.325319927
11.05761632	1.812999472	-4.622308426	10.45328317	0.939322495	474.6119679	357.9258117	1.326006542
11.10756263	1.812509737	-4.647526448	10.50339272	0.939332167	474.7594706	357.8836203	1.32657502
11.1485265	1.811530267	-4.668498117	10.54468308	0.939351513	475.0908821	358.0042868	1.327053613
11.19600511	1.809571326	-4.69321689	10.59281466	0.939390205	475.5901404	358.2013752	1.327717238
11.24911007	1.808591856	-4.720259109	10.64624612	0.939409551	475.8206343	358.2376655	1.328226147
11.29352873	1.807122651	-4.743203038	10.69115451	0.93943857	476.2851836	358.4431713	1.328760657
11.33419647	1.80516371	-4.76451638	10.73247523	0.939477261	476.6110628	358.4807497	1.329530423
11.38325441	1.804673975	-4.789290215	10.78169641	0.939486934	476.9329933	358.6794188	1.329691553
11.4318188	1.803204769	-4.814307015	10.83075054	0.939515953	477.3558767	358.800069	1.330423035
11.47228913	1.801245829	-4.83552165	10.87187385	0.939554644	477.5428703	358.8827112	1.330637714
11.52134706	1.800756094	-4.860295484	10.92109503	0.939564317	477.9665295	359.0240119	1.331294046
11.56566701	1.798797153	-4.883434927	10.96606796	0.939603009	478.4078927	359.211674	1.331827241
11.61205982	1.797817683	-4.90712107	11.01278726	0.939622355	478.4798728	359.1748963	1.332164017
11.66180871	1.796348478	-4.932730118	11.06302589	0.939651374	479.0136217	359.3731236	1.332914428
11.71323564	1.794879272	-4.959178186	11.11494255	0.939680392	479.1583049	359.3909254	1.333250984
11.75558143	1.793410067	-4.98108568	11.15777807	0.939709411	479.403471	359.4725664	1.333630201
11.80296132	1.791940861	-5.005510231	11.2056477	0.93973843	479.9994175	359.6509852	1.334625615
11.84757739	1.790471656	-5.028552868	11.25075351	0.939767449	480.1278531	359.7446961	1.334634974
11.89337796	1.788512715	-5.052432622	11.29720705	0.93980614	480.5565073	359.8777088	1.335332796
11.94401522	1.787533245	-5.078240989	11.34817081	0.939825486	480.8425343	359.9526592	1.335849374
11.99267833	1.785574305	-5.103552011	11.39748689	0.939864178	481.0136929	360.009793	1.336112801
12.04252593	1.784105099	-5.129210413	11.44782423	0.939893196	481.3862164	360.1135755	1.336762203
12.08576008	1.782635894	-5.151562094	11.49154812	0.939922215	481.502624	360.1628171	1.336902648
12.13027744	1.781656424	-5.174310509	11.53639197	0.939941561	482.0598021	360.3889221	1.337609933
12.17982892	1.780187218	-5.19982085	11.58643318	0.93997058	482.4318707	360.513107	1.338181224
12.22207599	1.778228278	-5.221923857	11.62933323	0.940009271	482.6012	360.5694691	1.338441664
12.2659024	1.776759072	-5.244571662	11.67364937	0.94003829	483.0206031	360.6892831	1.339159841
12.31190038	1.775289867	-5.268305256	11.72013709	0.940067309	483.1536256	360.7435769	1.339327036
12.3632286	1.774310396	-5.294459102	11.7717918	0.940086655	483.430227	360.8662034	1.33963841
12.41129945	1.773330926	-5.318984264	11.82018915	0.940106001	483.8779464	361.0358352	1.340249081
12.4495982	1.772351456	-5.338623374	11.85881439	0.940125346	483.8835937	361.0276836	1.340294985
12.49727422	1.771371986	-5.36295112	11.9068169	0.940144692	484.4176177	361.1851376	1.341189233
12.54850374	1.76990278	-5.389300479	11.95853614	0.940173711	484.570354	361.2159007	1.341497849
12.58463091	1.76892331	-5.4078538	11.99498981	0.940193057	484.8769557	361.3892303	1.341702837
12.63418238	1.767454105	-5.43336414	12.04503102	0.940222076	485.2936522	361.4672771	1.342565933
12.68896539	1.765984899	-5.461490245	12.10030376	0.940251094	485.4249489	361.5720567	1.34254
12.73427242	1.765005429	-5.484633494	12.14593727	0.94027044	485.7810769	361.68057	1.343121852
12.77957944	1.764025959	-5.507776742	12.19157079	0.940289786	486.051487	361.7302467	1.343684946
12.8191614	1.762556753	-5.528302322	12.23164248	0.940318805	486.2488161	361.7960231	1.343986072
12.86851546	1.761087548	-5.553713954	12.28148627	0.940347823	486.697149	361.9150414	1.344782873
12.92033722	1.759128607	-5.580604306	12.33396102	0.940386515	487.0434748	362.0506323	1.345235808
12.97679826	1.758149137	-5.609324562	12.39074855	0.940405861	486.9435111	362.0073581	1.345120479
13.01203706	1.756679932	-5.627678564	12.42647708	0.94043488	487.5026229	362.2342697	1.345821375
13.05280351	1.755210726	-5.648796393	12.46773327	0.940463898	487.5891114	362.2428692	1.346028184
13.09584025	1.753741521	-5.671049366	12.51125975	0.940492917	487.8829238	362.3307727	1.346512526
13.13877828	1.752272315	-5.693252984	12.55468751	0.940521936	488.2106304	362.5010222	1.346784148
13.20145794	1.750313375	-5.725572282	12.61802015	0.940560627	488.4580949	362.5326924	1.347349095
13.24291535	1.748844169	-5.747035589	12.65996729	0.940589646	488.8266804	362.6454392	1.347946582
13.29819189	1.747374964	-5.775408465	12.71573357	0.940618665	488.8292297	362.666438	1.347875564
13.34507825	1.744926288	-5.800075981	12.76343615	0.94066703	489.0428431	362.7377234	1.348199571
13.38643695	1.743946818	-5.821245067	12.80512135	0.940686375	489.4464953	362.8621592	1.348849647
13.43125044	1.742477613	-5.844386412	12.85042457	0.940715394	489.4054357	362.8483916	1.348787667
13.4782355	1.740518672	-5.868858414	12.89806261	0.940754086	490.0750345	363.0008672	1.35006574
13.52729344	1.739049467	-5.894121984	12.94761028	0.940783105	490.1271325	363.0586122	1.349994508
13.56983663	1.737580261	-5.916128187	12.99064321	0.940812123	490.4012145	363.2009529	1.350220066
13.61938811	1.736111056	-5.941638527	13.04068442	0.940841142	490.7191988	363.3374547	1.35058798
13.6678538	1.734152115	-5.96685084	13.08980309	0.940879834	490.6361309	363.2386364	1.350726717
13.71325953	1.73268291	-5.99028831	13.13569856	0.940908852	490.9765381	363.3621394	1.351204445
13.75511177	1.730234234	-6.012438769	13.17836703	0.940957217	491.3652821	363.5627688	1.351528056
13.79893818	1.729254764	-6.034841706	13.22251992	0.940976563	491.5813758	363.604455	1.351967417
13.83871755	1.726806088	-6.05595573	13.26311552	0.941024927	491.9135462	363.7150975	1.352469418
13.88935481	1.725336883	-6.082008965	13.31424252	0.941053946	491.8018067	363.687723	1.352263977
13.93515538	1.723377942	-6.105888718	13.36069606	0.941092638	492.2185118	363.7863267	1.353042915
13.98293011	1.721908737	-6.130510686	13.40896053	0.941121656	492.5082061	363.9133984	1.35336651
14.03415962	1.720439532	-6.156860045	13.46067978	0.941150675	492.5260141	363.9294494	1.353355753
14.07936794	1.718970326	-6.180198807	13.50637783	0.941179694	493.0135556	364.1023213	1.354052218
14.12289822	1.717011386	-6.202943417	13.55056109	0.941218386	493.2228115	364.1619582	1.354405095
14.17412773	1.715052445	-6.229537644	13.60244358	0.941257077	493.1530403	364.1588502	1.354225059
14.22782495	1.714072975	-6.256875987	13.65646729	0.941276423	493.525264	364.2626137	1.354861151
14.26947977	1.711624299	-6.278927738	13.69893834	0.941324788	493.6744642	364.3125901	1.35508483
14.31883383	1.709665359	-6.304584237	13.74894538	0.941363479	494.0653478	364.4123777	1.355786406
14.37164268	1.707706418	-6.331968129	13.8024072	0.941402171	494.1516679	364.491888	1.355727477
14.41467942	1.706237213	-6.354221102	13.84593368	0.94143119	494.3464496	364.5568153	1.356020321
14.45376783	1.704278272	-6.374744779	13.88567507	0.941469881	494.6945597	364.672771	1.356543727
14.49502782	1.702809067	-6.396109379	13.9274248	0.9414989	494.9319975	364.7315249	1.356976197
14.54270384	1.700360391	-6.421171727	13.97591705	0.941547265	494.9602529	364.7203894	1.357095099
14.59413077	1.698891186	-6.447619794	14.02783371	0.941576283	495.2543948	364.8796127	1.357309035
14.64111584	1.695952775	-6.472581532	14.07579825	0.941634321	495.3498653	364.8610232	1.357639851
14.68553449	1.694483569	-6.495525461	14.12070664	0.94166334	495.7333186	364.9788069	1.35825234
14.7257087	1.693014364	-6.516347166	14.16137057	0.941692358	495.991171	365.0949407	1.358526552
14.77624725	1.690565688	-6.542840782	14.21272536	0.941740723	495.9506779	365.061456	1.358540239
14.83468246	1.689096483	-6.572792987	14.2716503	0.941769742	496.2340634	365.1256539	1.359077507
14.88107527	1.687137542	-6.596968865	14.31869609	0.941808433	496.5013971	365.2350761	1.359402285
14.91730115	1.685668337	-6.615816408	14.35541171	0.941837452	496.7304587	365.331822	1.359669289
14.96053531	1.682729926	-6.638902691	14.39962533	0.94189549	496.9604815	365.4184492	1.359976439
15.01976018	1.681260721	-6.669249729	14.45933994	0.941924508	496.855416	365.3631164	1.359894838
15.07138452	1.67930178	-6.696041372	14.51161726	0.9419632	497.3217051	365.5288231	1.360554007
15.11836959	1.677832575	-6.720268507	14.55909206	0.941992219	497.3865709	365.550364	1.36065128
15.16288695	1.675383899	-6.743751525	14.60442565	0.942040583	497.6424499	365.625542	1.361071349
15.216979	1.673424959	-6.77177702	14.65917068	0.942079275	497.7779217	365.7010443	1.361160788
15.26268086	1.670976283	-6.795852287	14.70568876	0.942127639	497.8109895	365.7323779	1.361134588
15.29949899	1.669017342	-6.815240821	14.74315987	0.942166331	498.1625355	365.8292489	1.361735118
15.34717501	1.667058402	-6.840058302	14.79148887	0.942205023	498.3341482	365.8765001	1.362028302
15.39751615	1.665099461	-6.866208343	14.84248299	0.942243714	498.4565554	365.9072685	1.362248302
15.4370981	1.663630256	-6.886733923	14.88255468	0.942272733	498.8421298	366.0562663	1.362747139
15.47746972	1.661671315	-6.907899203	14.92357928	0.942311425	498.808171	366.0551427	1.362658553
15.52672507	1.659712375	-6.933506349	14.97348761	0.942350116	499.0014055	366.0990812	1.363022829
15.56986052	1.657263699	-6.956298411	15.01743929	0.942398481	499.4745471	366.2061391	1.363916368
15.61842491	1.656284229	-6.981070343	15.06633017	0.942417827	499.5275805	366.3858999	1.363391934
15.67271438	1.653835553	-7.009439413	15.12143586	0.942466191	499.8017507	366.487405	1.363762421
15.71871236	1.651876613	-7.033417875	15.16808682	0.942504883	499.9133205	366.5141559	1.363967291
15.76372326	1.649917672	-7.056902796	15.21375071	0.942543575	500.1452107	366.6423516	1.364122853
15.80893158	1.647958731	-7.080486425	15.259612	0.942582266	500.4902063	366.7471542	1.364673728
15.85453473	1.645510056	-7.104512338	15.30603138	0.942630631	500.3706082	366.6464361	1.364722411
15.90250688	1.64404085	-7.129233014	15.35449326	0.94265965	500.6513695	366.8007132	1.364913839
15.95205835	1.64208191	-7.154988222	15.40469772	0.942698341	500.9195614	366.9102595	1.365237271
16.0000305	1.639633234	-7.180198632	15.45348609	0.942746706	501.0630673	366.9584998	1.365448866
16.04227757	1.637674294	-7.20230164	15.49638614	0.942785398	501.357238	367.0262117	1.365998455
16.08452465	1.636205088	-7.22415978	15.53912295	0.942814416	501.4407995	367.0233156	1.366236907
16.12933813	1.633756413	-7.24779086	15.58475266	0.942862781	501.7651089	367.1416147	1.366680019
16.17701415	1.631797472	-7.272608341	15.63308166	0.942901473	502.05778	367.2899897	1.366924757
16.22478888	1.629838531	-7.297475176	15.68150937	0.942940164	501.8758845	367.2091279	1.366730417
16.26318634	1.627879591	-7.317653375	15.72055981	0.942978856	502.3209986	367.3776483	1.36731508
16.31263911	1.62592065	-7.343359229	15.77066556	0.943017548	502.3893069	367.4004177	1.367416265
16.36327637	1.62396171	-7.369657331	15.8219558	0.943056239	502.5152237	367.493208	1.367413636
16.41233431	1.622002769	-7.395165769	15.87166672	0.943094931	502.7152306	367.5295319	1.367822683
16.46188578	1.620043829	-7.420920977	15.92187117	0.943133622	502.6838483	367.5091992	1.367812968
16.50966051	1.617105418	-7.446277547	15.97062537	0.94319166	503.0318784	367.6655882	1.368177753
16.55407916	1.615146477	-7.469466344	16.01569701	0.943230352	503.2093538	367.7045977	1.368515262
16.60069602	1.612697802	-7.493999108	16.06313008	0.943278716	503.1918756	367.6683456	1.368602659
16.64731287	1.611228596	-7.518042138	16.11023667	0.943307735	503.520036	367.7979624	1.369012576
16.69392973	1.608779921	-7.542574903	16.15766975	0.943356099	503.4692914	367.7304725	1.369125838
16.74054658	1.60682098	-7.566862801	16.20493959	0.943394791	503.6640261	367.8258101	1.369300392
16.78716344	1.60486204	-7.591150698	16.25220942	0.943433483	503.9878627	367.9338366	1.369778511
16.83378029	1.602413364	-7.615683463	16.2996425	0.943481847	503.9683424	367.9273299	1.36974968
16.88039714	1.599964688	-7.640216228	16.34707558	0.943530212	504.1589564	367.9503269	1.370182113
16.927014	1.598495483	-7.664259258	16.39418217	0.943559231	504.2084297	367.986805	1.370180732
16.97363085	1.596536542	-7.688547155	16.441452	0.943597922	504.4813785	368.1288489	1.370393491
17.02024771	1.593598131	-7.713324787	16.48904833	0.94365596	504.6516995	368.1653926	1.370720088
17.06686456	1.591639191	-7.737612685	16.53631816	0.943694651	504.7134571	368.2160804	1.370699119
17.11348141	1.589190515	-7.76214545	16.58375124	0.943743016	505.1112555	368.3794299	1.371171174
17.16009827	1.587231575	-7.786433347	16.63102108	0.943781708	505.1558804	368.3231759	1.37150175
17.20671512	1.585762369	-7.810476377	16.67812767	0.943810726	505.1865144	368.3231912	1.371584865
17.25333198	1.582823958	-7.835254009	16.72572399	0.943868764	505.6926149	368.4816954	1.372368346
17.29994883	1.580375283	-7.859786774	16.77315707	0.943917128	505.4756639	368.4806694	1.371783396
17.34656569	1.578416342	-7.884074672	16.8204269	0.94395582	505.6956728	368.5236607	1.372220367
17.39318254	1.576457402	-7.908362569	16.86769674	0.943994512	505.9794286	368.5978539	1.372713984
17.43979939	1.573518991	-7.933140202	16.91529306	0.944052549	505.9199152	368.5882121	1.372588429
17.48641625	1.57156005	-7.957428099	16.9625629	0.944091241	506.1382753	368.6511268	1.372946503
17.5330331	1.569111375	-7.981960864	17.00999598	0.944139605	506.1448021	368.6129234	1.373106503
17.57964996	1.567642169	-8.006003894	17.05710257	0.944168624	505.9955562	368.5427018	1.37296317
17.62626681	1.565683229	-8.030291791	17.1043724	0.944207316	506.5332261	368.7624661	1.37360299
17.67288367	1.563724288	-8.054579688	17.15164224	0.944246008	506.4929366	368.7693473	1.373468105
17.71950052	1.560296142	-8.079602189	17.19940181	0.944313718	506.7971952	368.8606518	1.373952989
17.76611737	1.558826937	-8.103645218	17.24650839	0.944342737	506.870704	368.9053847	1.373985648
17.81273423	1.556867996	-8.127933116	17.29377823	0.944381428	506.877274	368.8772297	1.37410833
17.85935108	1.554419321	-8.152465881	17.34121131	0.944429793	507.0728551	368.9525384	1.374357952
17.90596794	1.55246038	-8.176753778	17.38848114	0.944468485	507.2384264	368.9875799	1.374676152
17.95258479	1.550501439	-8.201041675	17.43575098	0.944507176	507.3076387	369.0612256	1.374589373
17.99920164	1.547563029	-8.225819308	17.4833473	0.944565214	507.4671519	369.1347887	1.374747565
18.0458185	1.545114353	-8.250352073	17.53078038	0.944613578	507.5807984	369.1623939	1.374952614
18.09243535	1.543155412	-8.27463997	17.57805022	0.94465227	507.9196892	369.2553705	1.375524176
18.13905221	1.541196472	-8.298927868	17.62532005	0.944690962	507.7320446	369.1619913	1.375363815
18.18566906	1.539237531	-8.323215765	17.67258988	0.944729653	507.8309092	369.2357301	1.3753569
18.23228592	1.536299121	-8.347993397	17.72018621	0.944787691	508.3221206	369.3988193	1.376079441
18.27890277	1.53434018	-8.372281295	17.76745604	0.944826382	508.1653563	369.3368545	1.375885862
18.32551962	1.532870975	-8.396324325	17.81456263	0.944855401	508.3129775	369.3761086	1.376139295
18.37213648	1.530422299	-8.420857089	17.86199571	0.944903766	508.4868009	369.4342117	1.376393373
18.41875333	1.527973623	-8.445389854	17.90942879	0.94495213	508.3425384	369.4163072	1.376069568
18.46537019	1.525524948	-8.469922619	17.95686187	0.945000495	508.6265154	369.4810262	1.376597117
18.51198704	1.524055742	-8.493965649	18.00396846	0.945029514	508.5184221	369.4448331	1.376439394
18.55860389	1.521607066	-8.518498414	18.05140154	0.945077878	508.8329645	369.5496806	1.376900025
18.60522075	1.519648126	-8.542786311	18.09867137	0.94511657	508.8800523	369.5753295	1.376931877
18.6518376	1.51719945	-8.567319076	18.14610445	0.945164934	508.9242083	369.5898052	1.37699742
18.69845446	1.514261039	-8.592096709	18.19370078	0.945222972	509.1869122	369.7183191	1.377229328
18.74507131	1.512791834	-8.616139739	18.24080737	0.945251991	509.0612797	369.6460156	1.377158844
18.79168817	1.510343158	-8.640672504	18.28824045	0.945300355	509.0726012	369.6904115	1.377024087
18.83830502	1.507894483	-8.665205269	18.33567353	0.94534872	509.3836029	369.7840447	1.377516446
18.88492187	1.506425277	-8.689248298	18.38278011	0.945377738	509.178129	369.6649784	1.377404295
18.93153873	1.503486866	-8.714025931	18.43037644	0.945435776	509.4539211	369.7160441	1.377960003
18.97815558	1.501527926	-8.738313828	18.47764627	0.945474468	509.4818777	369.735802	1.37796198
19.02477244	1.499568985	-8.762601726	18.52491611	0.945513159	509.5724688	369.796263	1.377981661
19.07138929	1.49712031	-8.787134491	18.57234919	0.945561524	509.7545372	369.8059725	1.378437816
19.11800614	1.494671634	-8.811667255	18.61978227	0.945609888	509.7314761	369.8289544	1.378289801
19.164623	1.492712693	-8.835955153	18.6670521	0.94564858	509.9622374	369.8958409	1.378664427
19.21123985	1.490264018	-8.860487918	18.71448518	0.945696945	510.0641053	369.9296348	1.378813853
19.25785671	1.488305077	-8.884775815	18.76175502	0.945735636	510.0109626	369.9220356	1.378698519
19.30447356	1.485366666	-8.909553448	18.80935134	0.945793674	510.3605962	370.0489381	1.379170546
19.35109042	1.483407726	-8.933841345	18.85662117	0.945832365	510.2281936	369.9946079	1.379015214
19.39770727	1.48095905	-8.95837411	18.90405425	0.94588073	510.2812049	370.0327514	1.379016325
19.44432412	1.479489845	-8.98241714	18.95116084	0.945909749	510.4798941	370.1091771	1.379268404
19.49094098	1.477041169	-9.006949905	18.99859392	0.945958113	510.4380218	370.0848617	1.379245883
19.53755783	1.474592493	-9.03148267	19.046027	0.946006478	510.4584451	370.1017844	1.379238
19.58417469	1.472143818	-9.056015435	19.09346008	0.946054842	510.4159227	370.0878533	1.379175021
19.63079154	1.470674612	-9.080058464	19.14056667	0.946083861	510.3781676	370.0954983	1.379044517
19.6774084	1.468225937	-9.104591229	19.18799975	0.946132226	510.6630989	370.1801174	1.379498992
19.72402525	1.465777261	-9.129123994	19.23543283	0.94618059	510.5570079	370.1244427	1.379419863
19.7706421	1.46283885	-9.153901627	19.28302915	0.946238628	510.6509915	370.1155536	1.379706923
19.81725896	1.461369645	-9.177944657	19.33013574	0.946267646	510.7365192	370.1646168	1.379755104
19.86387581	1.459410704	-9.202232554	19.37740558	0.946306338	510.7099606	370.1558449	1.379716051
19.91049267	1.456962029	-9.226765319	19.42483866	0.946354703	510.8830149	370.2237257	1.379930511
19.95710952	1.455003088	-9.251053216	19.47210849	0.946393394	510.8401182	370.2193798	1.379830841
20.00372637	1.453044147	-9.275341114	19.51937833	0.946432086	510.7191333	370.1283145	1.379843458
20.05034323	1.450105737	-9.300118746	19.56697465	0.946490123	511.0748123	370.2874962	1.38021083
20.09696008	1.448146796	-9.324406643	19.61424448	0.946528815	510.7511258	370.1787907	1.379741732
20.14357694	1.446187856	-9.348694541	19.66151432	0.946567507	511.203874	370.3504227	1.380324802
20.19019379	1.44373918	-9.373227306	19.7089474	0.946615871	511.047947	370.3189201	1.380021164
20.23681065	1.441780239	-9.397515203	19.75621723	0.946654563	511.0184591	370.2684688	1.380129561
20.2834275	1.439821299	-9.4218031	19.80348707	0.946693255	511.2521441	370.3365728	1.380506765
20.33004435	1.437372623	-9.446335865	19.85092015	0.946741619	511.0334214	370.2736182	1.380150776
20.37666121	1.434923947	-9.47086863	19.89835323	0.946789984	511.1087394	370.2476632	1.380450953
20.42327806	1.431985537	-9.495646263	19.94594955	0.946848021	511.3048324	370.3534065	1.380586282
20.46989492	1.430516331	-9.519689293	19.99305614	0.94687704	511.1986962	370.3588118	1.380279556
20.51651177	1.428067656	-9.544222058	20.04048922	0.946925405	511.4272089	370.3945227	1.380763423
20.56312862	1.42561898	-9.568754823	20.0879223	0.946973769	511.2998806	370.3522419	1.380577252
20.60974548	1.423660039	-9.59304272	20.13519213	0.947012461	511.2674841	370.3615111	1.380455228
20.65636233	1.421211364	-9.617575485	20.18262521	0.947060825	511.4173162	370.4015021	1.380710697
20.70297919	1.420231893	-9.641373647	20.22956856	0.947080171	511.2967472	370.3713465	1.380497579
20.74959604	1.417293483	-9.66615128	20.27716488	0.947138209	511.3968912	370.4047278	1.380643531
20.7962129	1.415824277	-9.690194309	20.32427147	0.947167227	511.5195592	370.4355021	1.380859978
20.84282975	1.412885866	-9.714971942	20.37186779	0.947225265	511.5417699	370.4227567	1.38096745
20.8894466	1.411416661	-9.739014972	20.41897438	0.947254284	511.6634697	370.4834723	1.381069624
20.93606346	1.408967985	-9.763547737	20.46640746	0.947302648	511.502947	370.4300457	1.380835472
20.98268031	1.40651931	-9.788080502	20.51384054	0.947351013	511.8030129	370.5097567	1.381348274
21.02929717	1.405050104	-9.812123531	20.56094713	0.947380032	511.8004376	370.5088983	1.381344524
21.07591402	1.402601429	-9.836656296	20.60838021	0.947428396	511.7770758	370.470604	1.381424249
21.12253088	1.400152753	-9.861189061	20.65581329	0.947476761	511.9066764	370.5341962	1.381536931
21.16914773	1.397704077	-9.885721826	20.70324637	0.947525125	511.8059283	370.4701875	1.381503683
21.21576458	1.395745137	-9.910009723	20.7505162	0.947563817	511.7227848	370.51344	1.38111801
21.26238144	1.393786196	-9.934297621	20.79778604	0.947602509	512.00663	370.5778721	1.381643829
21.30899829	1.392316991	-9.958340651	20.84489263	0.947631527	511.7876294	370.5858729	1.381023042
21.35561515	1.389868315	-9.982873416	20.89232571	0.947679892	511.8996858	370.582603	1.381337606
21.402232	1.387419639	-10.00740618	20.93975879	0.947728256	512.0265035	370.6047266	1.381597338
21.44884885	1.384970964	-10.03193895	20.98719187	0.947776621	511.8627586	370.5805709	1.381245534
21.49546571	1.383501758	-10.05598198	21.03429846	0.94780564	511.9174999	370.61921	1.381249234
21.54208256	1.381542818	-10.08026987	21.08156829	0.947844331	511.9082778	370.585548	1.381349814
21.58869942	1.379094142	-10.10480264	21.12900137	0.947892696	511.9418618	370.6071007	1.3813601
21.63531627	1.377135201	-10.12909053	21.1762712	0.947931388	511.9775698	370.6290373	1.381374685
21.68193313	1.374196791	-10.15386817	21.22386753	0.947989425	511.8860322	370.5684228	1.38135362
21.72854998	1.372727585	-10.1779112	21.27097412	0.948018444	512.075606	370.5908301	1.381781643
21.77516683	1.370768645	-10.20219909	21.31824395	0.948057135	511.8516548	370.4957877	1.381531645
21.82178369	1.367830234	-10.22697673	21.36584028	0.948115173	511.9111269	370.5562337	1.38146678
21.86840054	1.365871293	-10.25126462	21.41311011	0.948153865	512.0663085	370.6587789	1.381503252
21.9150174	1.363912353	-10.27555252	21.46037995	0.948192556	511.689939	370.4720654	1.381183595
21.96163425	1.361463677	-10.30008529	21.50781302	0.948240921	511.9630636	370.5633499	1.381580406
22.0082511	1.359015001	-10.32461805	21.5552461	0.948289285	511.9172745	370.5484109	1.381512535
22.05486796	1.357545796	-10.34866108	21.60235269	0.948318304	511.8005301	370.5093341	1.381343148
22.10148481	1.354607385	-10.37343871	21.64994902	0.948376342	512.1299318	370.6497227	1.38170866
22.14810167	1.35313818	-10.39748174	21.69705561	0.94840536	511.8763308	370.554993	1.381377503
22.19471852	1.350689504	-10.42201451	21.74448869	0.948453725	511.874533	370.5239677	1.381488318
22.24133538	1.348730564	-10.44630241	21.79175852	0.948492417	511.9957379	370.5947144	1.381551647
22.28795223	1.346771623	-10.4705903	21.83902836	0.948531108	511.7843035	370.5342702	1.381206395
22.33456908	1.344322947	-10.49512307	21.88646144	0.948579473	511.9926317	370.61399	1.381471411
22.38118594	1.342364007	-10.51941097	21.93373127	0.948618164	512.0822415	370.6843199	1.381451046
22.42780279	1.340894801	-10.543454	21.98083786	0.948647183	511.9629519	370.6141307	1.381390804
22.47441965	1.338446126	-10.56798676	22.02827094	0.948695548	512.1846918	370.728261	1.381563656
22.5210365	1.33599745	-10.59251953	22.07570402	0.948743912	511.999447	370.6971007	1.381180069
22.56765336	1.33403851	-10.61680742	22.12297385	0.948782604	512.1624996	370.7211876	1.381530155
22.61427021	1.332079569	-10.64109532	22.17024369	0.948821296	512.1145429	370.695249	1.381497454
22.66088706	1.329630893	-10.66562809	22.21767677	0.94886966	511.9285332	370.5622788	1.381491216
22.70750392	1.327182218	-10.69016085	22.26510985	0.948918025	512.0425976	370.6612333	1.381430135
22.75412077	1.325223277	-10.71444875	22.31237968	0.948956716	511.8586323	370.5594515	1.381313121
22.80073763	1.322774601	-10.73898151	22.35981276	0.949005081	512.1217504	370.6672255	1.381621344
22.84735448	1.320815661	-10.76326941	22.40708259	0.949043773	512.0870269	370.696273	1.38141941
22.89397133	1.319346455	-10.78731244	22.45418918	0.949072791	511.8897881	370.6506758	1.38105721
22.94058819	1.31689778	-10.8118452	22.50162226	0.949121156	512.1063394	370.7127445	1.381410127
22.98720504	1.314938839	-10.8361331	22.5488921	0.949159848	512.0406215	370.6502976	1.381465562
23.0338219	1.312490164	-10.86066587	22.59632518	0.949208212	511.8225999	370.5974487	1.381074267
23.08043875	1.311020958	-10.8847089	22.64343177	0.949237231	512.1173815	370.7165062	1.381425895
23.12705561	1.308572282	-10.90924166	22.69086484	0.949285595	511.9734409	370.647972	1.381292977
23.17367246	1.306123607	-10.93377443	22.73829792	0.94933396	512.0978083	370.7099008	1.381397711
23.22028931	1.304654401	-10.95781746	22.78540451	0.949362979	512.122351	370.7179197	1.381434033
23.26690617	1.302695461	-10.98210535	22.83267435	0.94940167	512.0098438	370.7205533	1.381120737
23.31352302	1.301226255	-11.00614838	22.87978094	0.949430689	511.9740766	370.6984349	1.381106658
23.36013988	1.29877758	-11.03068115	22.92721402	0.949479054	511.8584845	370.5889372	1.381202818
23.40675673	1.296818639	-11.05496905	22.97448385	0.949517745	511.9831199	370.6408404	1.38134567
23.45337358	1.294369964	-11.07950181	23.02191693	0.94956611	512.0303586	370.6670256	1.381375529
23.49999044	1.292900758	-11.10354484	23.06902352	0.949595129	511.8000296	370.6002023	1.381003104
23.54660729	1.290941818	-11.12783274	23.11629335	0.94963382	512.0865649	370.726221	1.38130657
23.59322415	1.289472612	-11.15187577	23.16339994	0.949662839	511.9447114	370.6994095	1.381023811
23.639841	1.287023937	-11.17640853	23.21083302	0.949711204	511.767918	370.5899034	1.380954833
23.68645786	1.285064996	-11.20069643	23.25810286	0.949749895	511.9342341	370.6246261	1.3812742
23.73307471	1.283106055	-11.22498433	23.30537269	0.949788587	511.6113615	370.4767039	1.380954203
23.77969156	1.281147115	-11.24927222	23.35264253	0.949827279	511.821167	370.5469631	1.381258566
23.82630842	1.279677909	-11.27331525	23.39974912	0.949856297	511.7814739	370.503144	1.381314794
23.87292527	1.277718969	-11.29760315	23.44701895	0.949894989	511.7241219	370.5246487	1.381079838
23.91954213	1.275760028	-11.32189105	23.49428878	0.949933681	511.7107513	370.5201918	1.381060365
23.96615898	1.273801088	-11.34617895	23.54155862	0.949972372	511.5641705	370.4812036	1.380810054
24.01277584	1.271842147	-11.37046684	23.58882845	0.950011064	511.6681219	370.556395	1.380810394
24.05939269	1.269883207	-11.39475474	23.63609829	0.950049756	511.8010249	370.519209	1.381307669
24.10600954	1.267924266	-11.41904264	23.68336812	0.950088447	511.4472408	370.421916	1.380715392
24.1526264	1.265965326	-11.44333054	23.73063796	0.950127139	511.6529275	370.5007552	1.380976746
24.19924325	1.264006385	-11.46761843	23.77790779	0.950165831	511.534285	370.4917147	1.380690214
24.24586011	1.262047445	-11.49190633	23.82517762	0.950204522	511.4447997	370.5025083	1.380408468
24.29247696	1.259598769	-11.5164391	23.8726107	0.950252887	511.6610558	370.5440057	1.380837493
24.33909381	1.257639828	-11.54072699	23.91988054	0.950291578	511.4680138	370.5002123	1.380479678
24.38571067	1.255680888	-11.56501489	23.96715037	0.95033027	511.6710369	370.5571237	1.380815545
24.43232752	1.253232212	-11.58954766	24.01458345	0.950378635	511.5775536	370.5364016	1.380640475
24.47894438	1.251273272	-11.61383555	24.06185329	0.950417326	511.5889147	370.5805676	1.380506587
24.52556123	1.249804066	-11.63787858	24.10895988	0.950446345	511.63169	370.5646431	1.380681346
24.57217809	1.248334861	-11.66192161	24.15606647	0.950475364	511.2787979	370.4370594	1.380204234
24.61879494	1.245886185	-11.68645438	24.20349954	0.950523728	511.5206387	370.477051	1.380708029
24.66541179	1.24441698	-11.71049741	24.25060613	0.950552747	511.5767922	370.4856538	1.380827535
24.71202865	1.242458039	-11.7347853	24.29787597	0.950591439	511.3815743	370.4307772	1.380505093
24.7586455	1.240009363	-11.75931807	24.34530905	0.950639803	511.5632699	370.5319644	1.38061846
24.80526236	1.239029893	-11.78311623	24.39225239	0.950659149	511.314208	370.4487007	1.380256448
24.85187921	1.237560688	-11.80715926	24.43935898	0.950688168	511.2958331	370.4223458	1.380305046
24.89849606	1.235601747	-11.83144716	24.48662882	0.95072686	511.4348395	370.4283022	1.38065811
24.94511292	1.233153072	-11.85597992	24.5340619	0.950775224	511.294029	370.4016764	1.3803772
24.99172977	1.231194131	-11.88026782	24.58133173	0.950813916	511.4029361	370.4686478	1.380421634
25.03834663	1.22923519	-11.90455572	24.62860156	0.950852607	511.496752	370.5505757	1.380369605
25.08496348	1.227765985	-11.92859875	24.67570815	0.950881626	511.1855958	370.416188	1.380030388
25.13158034	1.225807045	-11.95288665	24.72297799	0.950920318	511.3512451	370.4918774	1.380195562
25.17819719	1.223848104	-11.97717454	24.77024782	0.95095901	511.138848	370.3600644	1.380113293
25.22481404	1.222868634	-12.00097271	24.81719117	0.950978355	511.2360311	370.4329998	1.380103909
