eps1        epsv      eps3             epsq       Void ratio    q           p          eta = q/p  
[%]         [%]       [%]              [%]        [%]           [kPa]       [kPa]      [-]

0	0	0	0	0.970028963	1.16	300.40	0.00
0.007597023	0.013705328	0.003054152	0.003028581	0.969758964	13.88304067	304.6425522	0.045571574
0.017813936	0.013705328	-0.002054304	0.013245493	0.969758964	25.93392108	308.6901214	0.084012799
0.019395301	0.013215852	-0.003089725	0.014990017	0.969768607	24.38304376	308.1935683	0.079116005
0.019494137	0.013705328	-0.002894404	0.014925694	0.969758964	23.56577961	307.9102059	0.076534584
0.04519132	0.044052841	-0.000569239	0.030507039	0.969161109	49.32807847	316.4874358	0.155861096
0.101230946	0.085658302	-0.007786322	0.072678178	0.968341469	81.12102737	327.0342345	0.248050567
0.162014667	0.127263762	-0.017375452	0.119593413	0.96752183	107.1189267	335.6589789	0.319130229
0.218251964	0.168379747	-0.024936108	0.162125381	0.966711833	129.36984	343.025427	0.377143587
0.283285604	0.209985208	-0.036650198	0.213290534	0.965892193	149.0244573	349.5772121	0.426299118
0.342389124	0.249632765	-0.04637818	0.259178203	0.965111125	166.9694549	355.538144	0.46962459
0.396550879	0.286832941	-0.054858969	0.300939899	0.964378271	183.1920979	360.9761366	0.507490882
0.46326472	0.323543642	-0.069860539	0.355416839	0.963655059	198.435131	365.9864647	0.54219254
0.524048441	0.359764867	-0.082141787	0.404126819	0.962941491	212.5091305	370.6778798	0.573298656
0.588489069	0.39500714	-0.096740965	0.456820023	0.962247208	225.920779	375.1482653	0.602217309
0.652633191	0.429759936	-0.111436628	0.509379879	0.961562568	238.4031717	379.2375599	0.62863808
0.705114746	0.462065353	-0.121524697	0.551092962	0.960926141	250.1648709	383.1277633	0.65295417
0.770939068	0.495349721	-0.137794674	0.605822495	0.96027043	261.2580024	386.8863638	0.675283563
0.821839258	0.527165662	-0.147336798	0.646117371	0.959643647	271.9337658	390.4751506	0.696417596
0.879361414	0.557513175	-0.16092412	0.693523689	0.959045792	282.1880563	393.9034504	0.716388892
0.955464609	0.587371211	-0.184046699	0.759674206	0.95845758	291.8549175	397.0646835	0.735031167
1.010417047	0.61576082	-0.197328114	0.80516344	0.957898296	301.0209771	400.1197907	0.752327138
1.077229723	0.644639904	-0.216294909	0.862349755	0.95732937	309.9888325	403.0579788	0.76909241
1.137519267	0.673518989	-0.232000139	0.913012938	0.956760444	318.4982691	405.8640127	0.78474134
1.208384191	0.701908597	-0.253237797	0.974414659	0.95620116	326.8081396	408.6231105	0.799778894
1.268574901	0.726871874	-0.270851513	1.026284276	0.955709376	334.7681705	411.3175122	0.813892335
1.326591233	0.75183515	-0.287378041	1.075979516	0.955217593	342.3104634	413.7398648	0.827356734
1.393305073	0.776308951	-0.308498061	1.134535423	0.954735452	349.7887626	416.2429162	0.840347665
1.448554017	0.800293275	-0.324130371	1.181789592	0.954262953	356.9334955	418.6453098	0.85259165
1.513785328	0.8242776	-0.344753864	1.239026128	0.953790455	363.774802	420.8748943	0.864330011
1.573580696	0.846793496	-0.3633936	1.291316197	0.953346886	370.4942617	423.0842692	0.875698504
1.642073572	0.869798869	-0.386137352	1.352140616	0.952893673	377.0722994	425.3175965	0.886566421
1.698113198	0.891825289	-0.403143954	1.400838101	0.952459746	383.3488108	427.4299269	0.896869373
1.754053988	0.912872757	-0.420590616	1.449763069	0.952045105	389.5389156	429.4527292	0.907058889
1.821657347	0.93343075	-0.444113299	1.510513764	0.951640107	395.4664345	431.4691348	0.916557878
1.884813116	0.953988742	-0.465412187	1.566816868	0.951235108	401.1711058	433.3196769	0.925808652
1.945498002	0.973567782	-0.48596511	1.620975408	0.950849395	406.8506996	435.2336089	0.934786954
2.005787546	0.993636299	-0.506075624	1.674575447	0.95045404	412.3202159	437.026254	0.94346784
2.074082752	1.012725863	-0.530678444	1.736507464	0.95007797	417.6163023	438.7510501	0.95182975
2.133680449	1.031325952	-0.551177249	1.789905132	0.949711543	422.5511351	440.4159084	0.959436585
2.191400276	1.049436564	-0.570981856	1.841588088	0.949354759	427.7483271	442.1279817	0.967476262
2.256730422	1.0670577	-0.594836361	1.901044522	0.949007617	432.4363198	443.6297559	0.974768518
2.312374707	1.085168313	-0.613603197	1.950651936	0.948650833	437.3993105	445.2945352	0.982269657
2.373356099	1.101810497	-0.635772801	2.006085933	0.948322977	441.7288585	446.7280888	0.988809232
2.443529175	1.118452681	-0.662538247	2.070711615	0.947995121	446.3763865	448.2975068	0.995714631
2.50381872	1.13460539	-0.684606665	2.125616923	0.947676908	450.9839265	449.7722995	1.002693868
2.556102604	1.150758098	-0.702672253	2.172516571	0.947358695	455.468496	451.277195	1.009287642
2.623211785	1.16642133	-0.728395228	2.234404675	0.947050125	459.4875554	452.6569555	1.015090014
2.681030447	1.181595086	-0.74971768	2.287165418	0.946751197	463.7257466	454.0695219	1.021265961
2.749424488	1.196768843	-0.776327823	2.35050154	0.94645227	467.8312195	455.3669198	1.027371992
2.80724315	1.211453123	-0.797895013	2.403425442	0.946162985	471.6435907	456.6377102	1.032861676
2.866643177	1.225158451	-0.820742363	2.458257026	0.945892986	475.439858	457.8730157	1.038366188
2.940967337	1.240332208	-0.850317565	2.527523267	0.945594059	479.2175379	459.1728083	1.043654
3.000070858	1.254037536	-0.873016661	2.582058346	0.94532406	483.0069596	460.4056679	1.049089951
3.066784698	1.267742864	-0.899520917	2.644203743	0.945054061	486.5731122	461.6244204	1.054045433
3.125591713	1.28046924	-0.922561236	2.698768633	0.944803348	490.1442522	462.7843554	1.059120185
3.182817363	1.293685093	-0.944566135	2.751588999	0.944542992	493.5670271	463.8949994	1.06396281
3.247257991	1.306411469	-0.970423261	2.811787501	0.944292278	496.9468845	465.0114975	1.068676553
3.324250704	1.318648369	-1.002801168	2.884701248	0.944051208	500.2036604	466.0869685	1.073198124
3.384144908	1.330885269	-1.026629819	2.940516485	0.943810137	503.5446387	467.2106669	1.077767856
3.444236782	1.342632694	-1.050802044	2.996692551	0.94357871	506.6461866	468.2240282	1.082059348
3.508578575	1.353890642	-1.077343967	3.057281694	0.943356925	509.8740693	469.2898681	1.086480029
3.577960969	1.36514859	-1.106406189	3.122911439	0.94313514	512.7876484	470.2306981	1.09050228
3.635087783	1.37738549	-1.128851147	3.175959287	0.94289407	515.9225549	471.316479	1.094641452
3.703284154	1.388643438	-1.157320358	3.240403007	0.942672285	518.5774405	472.1909918	1.098236623
3.763672534	1.399411911	-1.182130312	3.297201897	0.942460143	521.8346282	473.2567251	1.102645986
3.835624646	1.409201431	-1.213211608	3.365890836	0.942267286	524.4796554	474.2293258	1.105962088
3.899175756	1.421438331	-1.238868713	3.425362979	0.942026216	527.3855567	475.1375616	1.109963933
3.955808394	1.431227851	-1.262290271	3.478732444	0.94183336	530.004686	476.0105227	1.113430609
4.015702598	1.441506847	-1.287097875	3.535200315	0.94163086	532.8366024	476.9851858	1.11709256
4.074213106	1.451785844	-1.311213631	3.590284492	0.941428361	535.4162953	477.8147204	1.120552114
4.133316627	1.461085888	-1.33611537	3.646287998	0.941245148	538.215254	478.7066487	1.124311215
4.196274726	1.470875408	-1.362699659	3.705982923	0.941052291	540.5560101	479.4770257	1.127386676
4.263779249	1.480664928	-1.39155716	3.770224273	0.940859435	543.0985877	480.3246336	1.130690682
4.334149996	1.489475496	-1.42233725	3.837658164	0.940685864	545.4878212	481.1109237	1.133808846
4.391672152	1.49877554	-1.446448306	3.892080305	0.940502651	548.0265917	481.9570166	1.137086032
4.456409286	1.507096633	-1.474656327	3.954043742	0.940338723	550.2852039	482.7406603	1.139918903
4.516896501	1.515417725	-1.500739388	4.01175726	0.940174795	552.5652911	483.5302324	1.142772994
4.584302189	1.523738817	-1.530281686	4.07638925	0.940010867	554.9811033	484.2848161	1.145980805
4.647260287	1.531080957	-1.558089665	4.136899968	0.939866224	557.2351487	484.9957626	1.148948489
4.704980114	1.539891525	-1.582544294	4.191682938	0.939692654	559.5252251	485.8101364	1.151736416
4.767147529	1.548212617	-1.609467456	4.251076657	0.939528726	561.6305239	486.4713366	1.154498696
4.832477675	1.55653371	-1.637971983	4.313633105	0.939364798	563.8927143	487.2456421	1.15730684
4.900179869	1.56387585	-1.66815201	4.378887919	0.939220156	566.0045946	487.9597232	1.159941216
4.963829815	1.57121799	-1.696305912	4.440090485	0.939075513	568.112037	488.601396	1.162731097
5.021450806	1.578070654	-1.721690076	4.495427254	0.938940514	570.1481	489.3306887	1.16515909
5.088856493	1.584923318	-1.751966588	4.560548721	0.938805514	572.2497698	489.9809683	1.167902035
5.15734937	1.592265458	-1.782541956	4.626594217	0.938660872	574.1920252	490.6787457	1.170199505
5.21793542	1.598628646	-1.809653387	4.685059205	0.938535515	576.300554	491.4114597	1.172745451
5.282573719	1.604991834	-1.838790942	4.747576441	0.938410159	578.0261394	491.9768618	1.174905131
5.343258605	1.611844499	-1.865707053	4.805977105	0.938275159	580.1059894	492.6397001	1.177546165
5.402955138	1.617718211	-1.892618463	4.863715734	0.938159445	581.8283802	493.2440294	1.179595384
5.47342472	1.623591923	-1.924916399	4.932227413	0.938043732	583.9125994	493.9186091	1.182204089
5.535394465	1.629465635	-1.952964415	4.992239254	0.937928018	585.7422452	494.5187801	1.184469162
5.606654731	1.635339347	-1.985657692	5.061541615	0.937812304	587.3849105	495.0665812	1.186476593
5.663188533	1.640723583	-2.011232475	5.116280672	0.937706233	589.1389992	495.5796924	1.188787612
5.725948961	1.646107819	-2.039920571	5.177246354	0.937600162	591.1045116	496.2649802	1.191106637
5.790686095	1.651492055	-2.06959702	5.240188743	0.937494091	592.7516011	496.773772	1.193202287
5.852853511	1.656876291	-2.09798861	5.300561414	0.93738802	594.4375609	497.3155166	1.195292608
5.908893137	1.662260528	-2.123316305	5.354806294	0.937281949	596.2607477	497.9438156	1.197445834
5.973136094	1.667644764	-2.152745665	5.417254506	0.937175878	597.878124	498.461961	1.199445837
6.033623309	1.672539524	-2.180541893	5.476110135	0.93707945	599.6651241	499.1389237	1.201399241
6.105278916	1.677434284	-2.213922316	5.546134155	0.936983022	601.1262078	499.5552686	1.203322726
6.164777778	1.682329044	-2.241224367	5.60400143	0.936886593	602.6877978	500.0655956	1.205217482
6.226154511	1.68771328	-2.269220616	5.663583418	0.936780522	604.2883273	500.5585394	1.207228086
6.285258032	1.691629088	-2.296814472	5.721381669	0.93670338	606.0680619	501.2435293	1.209128949
6.34969866	1.696523848	-2.326587406	5.784190711	0.936606952	607.4398595	501.7005492	1.210761799
6.418488042	1.700929132	-2.358779455	5.851511665	0.936520166	609.0541798	502.2172659	1.212730468
6.480655458	1.705334416	-2.387660521	5.912210653	0.936433381	610.3576814	502.6822935	1.214201672
6.550433194	1.708760748	-2.420836223	5.980846277	0.936365881	612.1045479	503.2450783	1.216315021
6.615565669	1.713655509	-2.45095508	6.044347166	0.936269453	613.2867175	503.6090178	1.217783431
6.679215614	1.717081841	-2.481066887	6.106855001	0.936201953	614.8429345	504.1374678	1.219593809
6.733476205	1.720997649	-2.506239278	6.159810322	0.936124811	616.1614489	504.6680616	1.220924199
6.796335468	1.724423981	-2.535955743	6.221527474	0.936057311	617.6431745	505.1624622	1.222662452
6.867595733	1.727850313	-2.56987271	6.291645629	0.935989811	618.991664	505.4901787	1.224537469
6.933617726	1.731766121	-2.600925803	6.356362352	0.935912669	620.3255577	505.9348099	1.226097801
6.994697953	1.735192453	-2.62975275	6.416300469	0.935845169	621.5871871	506.345232	1.227595616
7.053307298	1.738618785	-2.657344256	6.473767703	0.935777669	622.9630663	506.7838624	1.229248033
7.123678045	1.741555641	-2.691061202	6.543159498	0.935719812	624.4540659	507.3013503	1.230933183
7.196717346	1.744981973	-2.725867686	6.615056688	0.935652312	625.3794202	507.6193487	1.231984994
7.264913716	1.747918829	-2.758497443	6.682274106	0.935594456	626.7802052	508.1272531	1.23351031
7.32204053	1.750855685	-2.785592423	6.738421969	0.935536599	627.9798039	508.4757763	1.235024033
7.385295135	1.753792541	-2.815751297	6.800697621	0.935478742	629.409338	508.9522057	1.236676708
7.447660221	1.756729397	-2.845465412	6.862083755	0.935420885	630.4450593	509.3074851	1.237847622
7.512693861	1.759176777	-2.876758542	6.926301602	0.935372671	631.9540092	509.8507884	1.239488147
7.578320513	1.762113633	-2.90810344	6.990949302	0.935314814	632.9384593	510.2304454	1.24049528
7.642069294	1.764561014	-2.93875414	7.053882289	0.9352666	634.4017074	510.6676718	1.242298548
7.710166829	1.767008394	-2.971579218	7.121164031	0.935218386	635.3617858	510.9777409	1.243423607
7.773421433	1.769455774	-3.00198283	7.183602842	0.935170172	636.600807	511.400869	1.244817609
7.835687684	1.771903154	-3.031892265	7.2450533	0.935121957	637.5723123	511.6740991	1.246051566
7.899238795	1.773861058	-3.062688868	7.307951775	0.935083386	638.7276934	511.9878871	1.24754454
7.961999222	1.77728739	-3.092355916	7.369570092	0.935015886	639.846585	512.340363	1.248870148
8.018928366	1.778266342	-3.120331012	7.426172919	0.934996601	641.0622089	512.836496	1.250032347
8.082479476	1.77973477	-3.151372353	7.489234553	0.934967672	642.1094233	513.1861414	1.251221285
8.149786329	1.782671626	-3.183557351	7.555562453	0.934909815	643.1379395	513.5494682	1.252338829
8.208692179	1.78462953	-3.212031325	7.613815669	0.934871244	644.2908186	513.9340892	1.253644839
8.282423327	1.786097958	-3.248162685	7.687057341	0.934842316	645.2849742	514.2753494	1.254746071
8.347555802	1.787566386	-3.279994708	7.75170034	0.934813387	646.4112031	514.640146	1.256045041
8.409723218	1.78952429	-3.310099464	7.813215121	0.934774816	647.3381031	514.9902527	1.256990981
8.477524247	1.790992718	-3.343265765	7.880526674	0.934745887	648.3920813	515.2908098	1.258303213
8.539790498	1.792950622	-3.373419938	7.942140291	0.934707316	649.3881488	515.6228323	1.259424735
8.594841771	1.79441905	-3.40021136	7.996702088	0.934678388	650.5776685	516.0598228	1.260663279
8.662247459	1.795887478	-3.43317999	8.063618299	0.934649459	651.2357475	516.2792645	1.261402098
8.726391581	1.79686643	-3.464762575	8.127436104	0.934630174	652.3288522	516.6128597	1.262703473
8.793915871	1.798334858	-3.497790506	8.194470918	0.934601245	653.2519124	516.8905115	1.263810997
8.858909977	1.798824334	-3.530042821	8.259301865	0.934591602	654.3314065	517.2910728	1.264919193
8.918072799	1.800782238	-3.55864528	8.317812053	0.934553031	655.1914518	517.5468996	1.265955708
8.985745342	1.80176119	-3.591992076	8.385158279	0.934533745	656.2019559	517.9034023	1.267035422
9.037119941	1.802250666	-3.617434637	8.436369719	0.934524103	657.0805084	518.2368191	1.267915525
9.101362898	1.803719094	-3.648821902	8.5001232	0.934495174	658.041947	518.5572987	1.26898599
9.165912245	1.804698046	-3.6806071	8.56434623	0.934475889	658.873949	518.8958507	1.269761452
9.229186617	1.805187522	-3.711999547	8.627457443	0.934466246	659.7344826	519.1119302	1.27089062
9.298934701	1.80665595	-3.746139376	8.696716051	0.934437317	660.6500535	519.4272415	1.271881797
9.362416627	1.80665595	-3.777880338	8.760197977	0.934437317	661.5019688	519.6805223	1.272901216
9.423447437	1.807145426	-3.808151005	8.821065628	0.934427674	662.3975923	519.9994694	1.273842823
9.485110792	1.808124378	-3.838493207	8.882402666	0.934408389	663.0713352	520.2850224	1.274438638
9.544441634	1.808613854	-3.86791389	8.941570349	0.934398746	664.2674781	520.6225187	1.275910001
9.599058032	1.809592806	-3.894732613	8.99586043	0.93437946	664.795512	520.737886	1.276641339
9.651737257	1.810082282	-3.920827487	9.048376496	0.934369818	665.9884689	521.1560263	1.277906107
9.730647376	1.811061234	-3.959793071	9.126960297	0.934350532	666.552766	521.3341683	1.278551851
9.794109534	1.81155071	-3.991279412	9.190259297	0.934340889	667.4440393	521.6210564	1.279557317
9.860161178	1.81155071	-4.024305234	9.256310941	0.934340889	668.2624691	521.9344324	1.280357125
9.91400666	1.81155071	-4.051227975	9.310156423	0.934340889	669.0728837	522.1635126	1.281347447
9.984011716	1.812040186	-4.085985765	9.379998321	0.934331246	669.813303	522.481494	1.281984741
10.06404856	1.812040186	-4.126004186	9.460035162	0.934331246	670.5219486	522.6568192	1.282910552
10.12759967	1.812040186	-4.157779741	9.523586273	0.934331246	671.1824781	522.8463047	1.283708945
10.18000215	1.812040186	-4.183980984	9.575988759	0.934331246	672.1901326	523.1824355	1.284810206
10.25279437	1.81155071	-4.220621828	9.64894413	0.934340889	672.7024747	523.4648752	1.285095728
10.31080082	1.812040186	-4.249380315	9.70678742	0.934331246	673.6439195	523.7888112	1.286098338
10.37190081	1.812040186	-4.279930312	9.767887415	0.934331246	674.0033597	523.8274106	1.286689749
10.43853558	1.812040186	-4.313247698	9.834522187	0.934331246	675.0415526	524.1125849	1.287970509
10.49945767	1.812529662	-4.343464005	9.895281119	0.934321603	675.6432791	524.3538904	1.288525348
10.55753331	1.812040186	-4.37274656	9.953519911	0.934331246	676.4264869	524.6352016	1.289327298
10.6278151	1.81155071	-4.408132196	10.02396487	0.934340889	676.9716154	524.7768371	1.290018094
10.69220631	1.811061234	-4.440572539	10.08851923	0.934350532	677.6316796	525.0579945	1.290584443
10.75922654	1.810571758	-4.474327392	10.15570262	0.934360175	678.4618143	525.3043431	1.291559499
10.82883626	1.810082282	-4.509376988	10.2254755	0.934369818	678.9828467	525.4679816	1.292148847
10.88533053	1.80910333	-4.538113598	10.28229608	0.934389103	679.7663761	525.677651	1.29312398
10.94652936	1.808124378	-4.569202489	10.34382123	0.934408389	680.536306	525.9340483	1.293957499
11.01502223	1.807634902	-4.603693665	10.41247726	0.934418032	681.1325885	526.1736212	1.294501589
11.07274206	1.807145426	-4.632798316	10.47036025	0.934427674	681.6903344	526.3596185	1.295103785
11.13797337	1.806166474	-4.665903447	10.53591788	0.93444696	682.3527416	526.6311079	1.295693952
11.20992548	1.805187522	-4.70236898	10.60819631	0.934466246	682.8186682	526.8273107	1.296095807
11.26616278	1.804698046	-4.730732366	10.66459676	0.934475889	683.6932896	527.1188512	1.297038207
11.33376614	1.803719094	-4.765023521	10.73252644	0.934495174	684.1655704	527.2862351	1.297522152
11.39642773	1.802250666	-4.797088531	10.79567751	0.934524103	684.8376333	527.4390811	1.298420344
11.45948466	1.800782238	-4.829351212	10.85922392	0.934553031	685.2909962	527.5601671	1.298981688
11.52135557	1.799803286	-4.860776143	10.92142114	0.934572317	686.0406927	527.7996169	1.29981279
11.58500552	1.798824334	-4.893090592	10.98539741	0.934591602	686.5374248	528.0164553	1.300219753
11.65260888	1.796376954	-4.928115961	11.05381656	0.934639816	687.2526333	528.2041711	1.301111712
11.7100322	1.795398002	-4.957317097	11.1115662	0.934659102	687.6999153	528.3530191	1.301591721
11.77229845	1.793440098	-4.989429175	11.17448508	0.934697673	688.4567166	528.6459342	1.302302112
11.84000064	1.792461146	-5.023769748	11.24251359	0.934716959	688.9157182	528.6867837	1.30306968
11.90701099	1.790992718	-5.058009135	11.31001342	0.934745887	689.4934216	528.9504445	1.303512321
11.97066093	1.789034814	-5.09081306	11.374316	0.934784459	690.0214176	529.1777042	1.303950284
12.03737477	1.786587434	-5.12539367	11.44184563	0.934832673	690.5440109	529.341781	1.304533358
12.10310026	1.785119006	-5.158990628	11.50806059	0.934861601	691.2920061	529.6516747	1.305182329
12.16892458	1.783161102	-5.192881741	11.57453755	0.934900173	691.7273092	529.8066507	1.30562217
12.23079549	1.781203198	-5.224796148	11.63706109	0.934938744	692.2630124	530.0055425	1.306142968
12.29296291	1.77973477	-5.25661407	11.69971799	0.934967672	692.7747974	530.1255325	1.306812736
12.355328	1.77728739	-5.289020303	11.76289887	0.935015886	693.2766586	530.3333035	1.307247073
12.41680356	1.775329486	-5.320737039	11.82502707	0.935054458	693.8110698	530.5013196	1.307840422
12.48094769	1.773371582	-5.353788052	11.88982383	0.935093029	694.4403049	530.7111466	1.308508987
12.54608016	1.771413678	-5.387333242	11.95560894	0.9351316	694.7078373	530.6587121	1.309142433
12.60864292	1.76994525	-5.419348835	12.01866117	0.935160529	695.2326547	530.7525192	1.309899868
12.67812415	1.767987346	-5.455068401	12.08879503	0.9351991	695.4629979	530.8998193	1.309970304
12.74088458	1.766029442	-5.487427567	12.1522081	0.935237671	696.1204043	531.1701338	1.310541313
12.79969159	1.764071538	-5.517810027	12.21166774	0.935276243	696.5034152	531.2677691	1.311021402
12.86017881	1.763092585	-5.54854311	12.27248128	0.935295528	697.2062017	531.5116602	1.311742063
12.93064839	1.762113633	-5.584267378	12.34327718	0.935314814	697.3832791	531.621537	1.311804038
12.99667038	1.760155729	-5.618257326	12.40995181	0.935353385	697.9614844	531.7529721	1.312567152
13.06012266	1.758687301	-5.650717678	12.47389356	0.935382314	698.3987511	531.8786497	1.313079123
13.1268365	1.757218873	-5.684808812	12.54109687	0.935411242	698.8083721	532.025475	1.313486675
13.18070175	1.755750445	-5.71247565	12.5954516	0.93544017	699.3666098	532.2113083	1.314076945
13.25789213	1.754282017	-5.751805057	12.67313146	0.935469099	699.7354272	532.3445324	1.314440902
13.32994308	1.752813589	-5.788564744	12.74567188	0.935498027	700.2370131	532.4202287	1.315196109
13.39230816	1.750855685	-5.82072624	12.8086896	0.935536599	700.6257021	532.6004787	1.315480797
13.44686526	1.748897781	-5.84898374	12.86389933	0.93557517	701.355057	532.935096	1.3160234
13.51308492	1.746939877	-5.883072524	12.93077163	0.935613741	701.5240217	532.8800046	1.316476534
13.57742672	1.745960925	-5.915732896	12.99543974	0.935633027	702.0852015	533.0669005	1.317067709
13.64236152	1.744003021	-5.94917925	13.06102718	0.935671598	702.4706971	533.266164	1.317298461
13.70225573	1.742534593	-5.979860566	13.12141086	0.935700527	703.0846086	533.4200322	1.318069375
13.76630101	1.741066165	-6.012617424	13.18594562	0.935729455	703.2234077	533.4261426	1.31831448
13.82906144	1.739108261	-6.04497659	13.24935869	0.935768026	703.830663	533.65917	1.318876734
13.889944	1.737639833	-6.076152082	13.31073072	0.935796955	704.1316176	533.8202962	1.319042424
13.95972173	1.735681929	-6.112019902	13.38116109	0.935835526	704.6783209	534.0230186	1.319565443
14.02436003	1.734213501	-6.145073265	13.44628886	0.935864455	704.8766479	534.0485616	1.319873694
14.0824752	1.732745073	-6.174865063	13.50489351	0.935893383	705.4040445	534.2752115	1.320300904
14.15373546	1.729808217	-6.211963623	13.57713272	0.93595124	705.6732219	534.3034733	1.320734858
14.21451918	1.728829265	-6.24284496	13.63824276	0.935970526	706.0412201	534.4365884	1.321094467
14.28716314	1.726381885	-6.28039063	13.71170252	0.93601874	706.3226819	534.500128	1.321464009
14.34824337	1.724913457	-6.311664958	13.77327222	0.936047668	706.6820785	534.6302938	1.321814507
14.4096201	1.722955553	-6.343332276	13.83530159	0.936086239	707.1720327	534.8139359	1.322276749
14.46763644	1.721487125	-6.373074656	13.8938074	0.936115168	707.2787791	534.798831	1.322513697
14.52614695	1.720018697	-6.403064125	13.95280738	0.936144096	708.0456555	535.0240935	1.323390225
14.59948275	1.718060793	-6.44071098	14.02679582	0.936182668	707.9739539	535.101321	1.323065233
14.65730141	1.716592365	-6.470354525	14.08510396	0.936211596	708.6975608	535.3425233	1.323820788
14.72391642	1.714634461	-6.50464098	14.1523716	0.936250167	708.9767538	535.5170476	1.323910708
14.79132211	1.712187081	-6.539567514	14.22059308	0.936298381	709.4273732	535.5961611	1.324556494
14.85764061	1.710229176	-6.573705715	14.28756421	0.936336953	709.6605331	535.582464	1.325025707
14.92267425	1.708271272	-6.607201487	14.35325049	0.936375524	710.1313899	535.7995683	1.325367604
14.99719608	1.706313368	-6.645441355	14.42842495	0.936414095	710.3161246	535.9118335	1.325434671
15.05392755	1.703865988	-6.675030781	14.48597222	0.936462309	710.6674926	536.0087962	1.325850429
15.12360645	1.70239756	-6.710604445	14.5561406	0.936491238	710.7569773	536.0692334	1.325867879
15.18597154	1.700439656	-6.74276594	14.61915832	0.936529809	711.2671114	536.2389501	1.326399567
15.24329602	1.698481752	-6.772407135	14.67713544	0.93656838	711.4769975	536.2689202	1.326716822
15.30348673	1.696523848	-6.803481442	14.73797878	0.936606952	711.9571747	536.4088192	1.327265975
15.36950872	1.694076468	-6.837716128	14.80481657	0.936655166	712.1335807	536.4977382	1.327374805
15.42722855	1.692118564	-6.867554994	14.86318903	0.936693737	712.563759	536.6306	1.327847795
15.49166918	1.690650136	-6.900509522	14.92811913	0.936722665	712.8261702	536.6878714	1.328195043
15.56372013	1.68771328	-6.938003424	15.00114903	0.936780522	712.8538895	536.7174352	1.328173528
15.62766658	1.686734328	-6.970466125	15.0654218	0.936799808	713.3478601	536.790675	1.328912541
15.68489223	1.684776424	-7.000057902	15.12330009	0.936838379	713.4830029	536.8766986	1.32895133
15.74913519	1.681839568	-7.033647809	15.188522	0.936896236	713.9574578	537.0759903	1.329341603
15.81229095	1.68037114	-7.065959908	15.25216724	0.936925165	714.1341041	537.1347904	1.329524948
15.88285937	1.67792376	-7.102467806	15.32355145	0.936973379	714.6005441	537.3106764	1.329957835
15.94156755	1.675965856	-7.132800848	15.38291227	0.93701195	714.7863917	537.3823366	1.330126324
16.00650236	1.674007952	-7.166247203	15.44849971	0.937050521	715.1435017	537.4607252	1.330596764
16.063135	1.671071096	-7.19603195	15.5061113	0.937108378	715.2702107	537.5538126	1.330602061
16.12550008	1.669113192	-7.228193445	15.56912902	0.937146949	715.6691724	537.7169988	1.330940205
16.20051609	1.667155288	-7.266680401	15.64479766	0.937185521	715.7788609	537.7844166	1.330977319
16.2576429	1.665197384	-7.29622276	15.70257711	0.937224092	716.2646898	537.9061216	1.331579361
16.32356606	1.66323948	-7.330163291	15.7691529	0.937262663	716.2475101	537.920473	1.331511898
16.3835591	1.6607921	-7.3613835	15.82996173	0.937310877	716.8371886	538.1570245	1.332022358
16.45037178	1.658834196	-7.39576879	15.89742704	0.937349449	716.832599	538.1656157	1.331992565
16.51204501	1.656386815	-7.4278291	15.95991608	0.937397663	717.2034127	538.2895482	1.332374769
16.57282874	1.653939435	-7.45944465	16.02151559	0.937445877	717.334455	538.292827	1.332610094
16.63934491	1.651981531	-7.493681687	16.0886844	0.937484448	717.4857983	538.3030368	1.332865968
16.6986461	1.649534151	-7.524555973	16.14880138	0.937532662	717.7392153	538.3266191	1.333278329
16.77297026	1.647576247	-7.562697005	16.22377818	0.937571234	717.9547526	538.3885899	1.333525201
16.83306213	1.645128867	-7.593966632	16.28468584	0.937619448	718.3103693	538.5476948	1.333791559
16.89196798	1.642681487	-7.624643247	16.34440749	0.937667662	718.4744168	538.6124163	1.33393586
16.95976901	1.640723583	-7.659522714	16.41286115	0.937706233	718.9202616	538.7713162	1.334369964
17.0221341	1.638276203	-7.691928947	16.47604203	0.937754447	719.1632455	538.8827558	1.334544922
17.08578404	1.635828823	-7.72497761	16.54050777	0.937802661	719.3049603	538.8893461	1.334791577
17.15220138	1.633381443	-7.759409967	16.6077409	0.937850875	719.465961	538.942849	1.334957802
17.22089192	1.631423539	-7.794734193	16.67708408	0.937889447	719.6095625	539.0209152	1.335030872
17.2829605	1.629465635	-7.826747435	16.73980529	0.937928018	719.8095311	539.1382584	1.335111207
17.34463374	1.627018255	-7.858807744	16.80229433	0.937976232	720.1411517	539.2082326	1.335552961
17.40650465	1.625060351	-7.890722151	16.86481787	0.938014803	720.0748103	539.1254748	1.33563492
17.47054994	1.622612971	-7.923968485	16.92967895	0.938063017	720.5381967	539.3099719	1.336037222
17.53469406	1.620165591	-7.957264236	16.99463887	0.938111231	720.6896472	539.3603734	1.33619317
17.59597196	1.617718211	-7.989126875	17.05673256	0.938159445	721.2183977	539.5168736	1.336785619
17.66189512	1.615760307	-8.023067406	17.12330835	0.938198017	721.0904984	539.5049315	1.336578141
17.7222835	1.613312927	-8.054485286	17.18451252	0.938246231	721.4257406	539.7082599	1.336695756
17.78672413	1.611355023	-8.087684552	17.24960579	0.938284802	721.3090615	539.5876608	1.336778273
17.85126359	1.607928691	-8.12166745	17.31528736	0.938352302	721.7083892	539.7207701	1.337188467
17.91530888	1.60548131	-8.154913783	17.38014844	0.938400516	721.7437116	539.6917322	1.337325863
17.98696448	1.603523406	-8.191720538	17.45245668	0.938439087	721.7806236	539.7141572	1.337338689
18.04755053	1.601076026	-8.223237254	17.51385852	0.938487301	722.0859499	539.8162606	1.33765135
18.11861313	1.599118122	-8.259747503	17.58557375	0.938525873	722.1036993	539.9033091	1.337468556
18.1820654	1.596181266	-8.292942068	17.65000498	0.93858373	722.5529978	540.0937233	1.337828911
18.23978523	1.594223362	-8.322780934	17.70837744	0.938622301	722.5984965	540.1088895	1.337875585
18.30284216	1.591775982	-8.355533091	17.77225017	0.938670515	722.7018409	540.1127286	1.338057414
18.37084086	1.590307554	-8.390266654	17.84073834	0.938699443	722.8331825	540.1462242	1.338217598
18.43043856	1.587370698	-8.421533931	17.90131499	0.9387573	723.07067	540.1341337	1.338687235
18.49537337	1.584433842	-8.455469761	17.96722875	0.938815157	723.2377959	540.2304903	1.338757824
18.55684893	1.582965414	-8.48694176	18.0291938	0.938844086	723.3361137	540.2936259	1.338783356
18.61852217	1.580518034	-8.519002069	18.09168283	0.9388923	723.4026843	540.3566281	1.33875046
18.67881172	1.578070654	-8.550370532	18.15278817	0.938940514	723.6548957	540.4509016	1.338983604
18.7442407	1.575623274	-8.584308712	18.21903294	0.938988728	723.533588	540.4313637	1.338807546
18.81639048	1.572686418	-8.621852032	18.29216168	0.939046585	723.913496	540.5679567	1.339172045
18.88537753	1.570728514	-8.65732451	18.36180136	0.939085156	723.5664362	540.3713021	1.339017141
18.95209138	1.567791658	-8.692149859	18.42949416	0.939143013	723.8833339	540.4872196	1.339316283
19.00921819	1.565833754	-8.721692218	18.4872736	0.939181584	724.03127	540.5671407	1.339391938
19.07533902	1.56387585	-8.755731584	18.55404707	0.939220156	724.0977747	540.5487429	1.339560556
19.14422724	1.56142847	-8.791399383	18.62375108	0.93926837	724.0698189	540.5491353	1.339507866
19.20827252	1.55898109	-8.824645716	18.68861216	0.939316584	724.2140782	540.6279127	1.339579517
19.27024227	1.557023186	-8.856609541	18.75123454	0.939355155	724.4442595	540.6741128	1.339890781
19.32776442	1.554575806	-8.886594309	18.80957249	0.939403369	724.4502644	540.6459975	1.339971567
19.39111786	1.551638949	-8.919739457	18.87390488	0.939461226	724.5722126	540.7066429	1.340046811
19.45269227	1.549191569	-8.951750349	18.93629508	0.93950944	724.4969144	540.6613015	1.340019921
19.51663872	1.547233665	-8.984702526	19.00089416	0.939548011	724.8773303	540.8286728	1.340308617
19.58028866	1.545275761	-9.017506451	19.06519674	0.939586583	724.8496444	540.8298931	1.340254401
19.64631066	1.542828381	-9.051741138	19.13203453	0.939634797	724.8391131	540.8256447	1.340245457
19.70650137	1.540870477	-9.082815445	19.19287787	0.939673368	724.8838399	540.8706706	1.340216579
19.77677328	1.537444145	-9.119664567	19.2642919	0.939740868	725.0406015	540.8827685	1.340476428
19.83785351	1.535486241	-9.151183632	19.32602476	0.939779439	725.0108339	540.923697	1.340319971
19.90179996	1.533038861	-9.184380548	19.390787	0.939827653	725.1866441	540.9418984	1.34059988
19.95774075	1.531080957	-9.213329895	19.44738043	0.939866224	725.1158699	540.908514	1.340551778
20.02949519	1.528633577	-9.250430806	19.51995066	0.939914439	725.068833	540.892999	1.340503268
20.09423232	1.526186197	-9.284023063	19.58550359	0.939962653	725.0629648	540.8909609	1.34049747
20.16015548	1.523738817	-9.318208332	19.65224254	0.940010867	725.152245	540.951248	1.34051312
20.22499145	1.521780913	-9.351605269	19.71773115	0.940049438	724.9975233	540.8785301	1.340407287
20.29180413	1.519333533	-9.386235297	19.78535962	0.940097652	725.012576	540.9645157	1.340222057
20.35565174	1.516886153	-9.419382795	19.85002303	0.940145866	725.2241399	540.974557	1.34058826
20.41841217	1.514928249	-9.451741961	19.91343609	0.940184437	725.0856941	540.8881704	1.340546408
20.49204448	1.511991393	-9.490026545	19.98804735	0.940242294	725.0318062	540.9106917	1.340390969
20.55134567	1.510033489	-9.520656093	20.04800118	0.940280866	724.9020408	540.8574796	1.340282918
20.61522118	1.507096633	-9.554062273	20.11285563	0.940338723	725.1477305	540.9800242	1.340433469
20.67909668	1.505628205	-9.586734238	20.17722061	0.940367651	725.0206219	540.9071276	1.340379124
20.74297218	1.502691349	-9.620140418	20.24207507	0.940425508	725.2850863	540.9750404	1.340699722
20.80684769	1.500243968	-9.65330186	20.30676637	0.940473722	725.127745	540.9124723	1.340563921
20.87072319	1.497796588	-9.686463302	20.37145766	0.940521936	725.3933341	541.021326	1.340785103
20.93459869	1.495838684	-9.719380005	20.4359858	0.940560507	724.9415202	540.8404404	1.34039814
20.9984742	1.493391304	-9.752541447	20.5006771	0.940608722	725.4163483	541.0392004	1.340783344
21.0623497	1.490943924	-9.785702889	20.56536839	0.940656936	725.1498843	540.8892431	1.340662425
21.1262252	1.488496544	-9.81886433	20.63005969	0.94070515	725.1573379	540.9834726	1.340442684
21.19010071	1.48653864	-9.851781034	20.69458783	0.940743721	725.1674025	540.8950825	1.340680339
21.25397621	1.483601784	-9.885187214	20.75944228	0.940801578	725.2535748	540.9136856	1.340793539
21.31785171	1.480664928	-9.918593393	20.82429674	0.940859435	725.1912028	540.9033439	1.340703863
21.38172722	1.478707024	-9.951510097	20.88882488	0.940898006	725.1141096	540.9084192	1.340548758
21.44560272	1.476259644	-9.984671539	20.95351617	0.94094622	725.0535862	540.8879987	1.340487472
21.50947822	1.47430174	-10.01758824	21.01804431	0.940984791	725.2478512	540.9223907	1.34076138
21.57335373	1.47185436	-10.05074968	21.08273561	0.941033006	725.2273211	540.9255864	1.340715506
21.63722923	1.469896456	-10.08366639	21.14726375	0.941071577	725.083612	540.8573593	1.340618926
21.70110473	1.4669596	-10.11707257	21.2121182	0.941129434	725.0157667	540.9158762	1.340348469
21.76498024	1.465001696	-10.14998927	21.27664634	0.941168005	724.8495607	540.8301932	1.340253502
21.82885574	1.462554316	-10.18315071	21.34133764	0.941216219	725.1601592	540.9539681	1.340521009
21.89273125	1.460106936	-10.21631215	21.40602893	0.941264433	724.8004235	540.8538062	1.340104138
21.95660675	1.458149032	-10.24922886	21.47055707	0.941303005	724.9450847	540.9025186	1.340250895
22.02048225	1.456191128	-10.28214556	21.53508521	0.941341576	724.6503352	540.7841087	1.339999315
22.08435776	1.453254272	-10.31555174	21.59993966	0.941399433	724.9107779	540.830521	1.340365881
22.14823326	1.451785844	-10.34822371	21.66430464	0.941428361	724.7639682	540.7616704	1.340265052
22.21210876	1.448848988	-10.38162989	21.7291591	0.941486218	724.6888645	540.7064368	1.340263062
22.27598427	1.446891083	-10.41454659	21.79368724	0.941524789	724.4953036	540.6817445	1.339966276
22.33985977	1.444443703	-10.44770803	21.85837853	0.941573003	724.6299099	540.7370623	1.340078127
22.40373527	1.442485799	-10.48062474	21.92290667	0.941611575	724.4762383	540.6653504	1.339971644
22.46761078	1.439548943	-10.51403092	21.98776113	0.941669432	724.6672458	540.7291836	1.3401667
22.53148628	1.438080515	-10.54670288	22.05212611	0.94169836	724.2874109	540.643302	1.339677026
22.59536178	1.435633135	-10.57986432	22.1168174	0.941746574	724.5626552	540.7652491	1.339883908
22.65923729	1.433675231	-10.61278103	22.18134554	0.941785145	724.1779421	540.6166874	1.33954049
22.72311279	1.430738375	-10.64618721	22.2462	0.941843002	724.3438266	540.6716542	1.339711119
22.78698829	1.428780471	-10.67910391	22.31072813	0.941881574	724.2264336	540.5718792	1.339741229
22.8508638	1.426333091	-10.71226535	22.37541943	0.941929788	724.0633555	540.5171918	1.339575071
22.9147393	1.423885711	-10.74542679	22.44011073	0.941978002	724.0232502	540.5243934	1.339483026
22.9786148	1.421927807	-10.7783435	22.50463887	0.942016573	723.7385619	540.4197043	1.339215717
23.04249031	1.418990951	-10.81174968	22.56949332	0.94207443	723.8784225	540.4764455	1.339333894
23.10636581	1.417033047	-10.84466638	22.63402146	0.942113001	723.5511656	540.3977229	1.338923417
23.17024131	1.415564619	-10.87733835	22.69838644	0.94214193	723.781866	540.505396	1.339083516
23.23411682	1.412627763	-10.91074453	22.76324089	0.942199787	723.5486789	540.448155	1.338793874
23.29799232	1.411159335	-10.94341649	22.82760587	0.942228715	723.4487153	540.3742678	1.338791942
23.36186782	1.408711955	-10.97657793	22.89229717	0.942276929	723.2792281	540.327729	1.338593578
23.42574333	1.405775099	-11.00998411	22.95715163	0.942334786	723.3101974	540.3378881	1.338625725
23.48961883	1.404306671	-11.04265608	23.0215166	0.942363715	723.1053057	540.3208519	1.338288728
23.55349433	1.401369815	-11.07606226	23.08637106	0.942421572	723.2365166	540.3338159	1.338499452
23.61736984	1.399411911	-11.10897896	23.1508992	0.942460143	722.8425515	540.1618462	1.33819624
23.68124534	1.396964531	-11.1421404	23.21559049	0.942508357	723.1181303	540.3250448	1.338302078
23.74512084	1.395006626	-11.17505711	23.28011863	0.942546928	722.661696	540.081401	1.338060697
23.80899635	1.392559246	-11.20821855	23.34480993	0.942595142	722.8330071	540.1588287	1.338186046
23.87287185	1.390601342	-11.24113525	23.40933807	0.942633714	722.5180164	540.0636248	1.337838698
23.93674735	1.388643438	-11.27405196	23.47386621	0.942672285	722.4669297	540.0570449	1.337760402
24.00062286	1.38717501	-11.30672392	23.53823119	0.942701213	722.3778317	540.0375486	1.337643713
24.06449836	1.385217106	-11.33964063	23.60275932	0.942739785	722.2030475	539.9691662	1.337489421
24.12837386	1.382769726	-11.37280207	23.66745062	0.942787999	722.1456529	539.9706046	1.337379566
24.19224937	1.380811822	-11.40571877	23.73197876	0.94282657	721.9084693	539.8913794	1.3371365
24.25612487	1.378853918	-11.43863548	23.7965069	0.942865141	722.0756731	539.936911	1.337333415
24.32000037	1.376896014	-11.47155218	23.86103503	0.942903712	721.5738204	539.8104388	1.336717056
24.38387588	1.374448634	-11.50471362	23.92572633	0.942951927	721.7353418	539.8034713	1.337033532
24.44775138	1.37249073	-11.53763032	23.99025447	0.942990498	721.3537378	539.6863909	1.336616505
24.51162688	1.37004335	-11.57079177	24.05494577	0.943038712	721.4121483	539.6448071	1.336827741
24.57550239	1.368085446	-11.60370847	24.1194739	0.943077283	721.1100275	539.5542212	1.336492236
24.63937789	1.365638066	-11.63686991	24.1841652	0.943125497	721.1865726	539.6305052	1.336445152
24.70325339	1.364169638	-11.66954188	24.24853018	0.943154426	721.0275315	539.6376435	1.336132755
24.7671289	1.362211734	-11.70245858	24.31305832	0.943192997	721.1255797	539.6295142	1.336334579
24.8310044	1.36025383	-11.73537528	24.37758646	0.943231568	720.8406114	539.5351808	1.336040053
24.8948799	1.35780645	-11.76853673	24.44227775	0.943279782	720.8124901	539.526135	1.336010331
24.95875541	1.355848546	-11.80145343	24.50680589	0.943318354	720.3055107	539.3065369	1.335614278
25.02263091	1.353401166	-11.83461487	24.57149719	0.943366568	720.3960123	539.3567821	1.33565765
25.08650641	1.352422214	-11.8670421	24.63569901	0.943385853	720.1555975	539.3274128	1.335284616
25.15038192	1.349974834	-11.90020354	24.7003903	0.943434068	720.1639057	539.2900262	1.335392592
25.21425742	1.347527454	-11.93336498	24.7650816	0.943482282	719.7713443	539.2499334	1.3347639
25.27813292	1.344590598	-11.96677116	24.82993606	0.943540139	719.694362	539.1734217	1.334810532
25.34200843	1.342632694	-11.99968787	24.89446419	0.94357871	719.4439857	539.0190339	1.33472835
25.40588393	1.340185313	-12.03284931	24.95915549	0.943626924	719.1894025	539.0252618	1.334240625
25.46975943	1.338227409	-12.06576601	25.02368363	0.943665495	719.3162044	539.0478611	1.334419921
25.53363494	1.335290553	-12.09917219	25.08853808	0.943723352	718.8773378	538.8714553	1.334042341
25.59751044	1.333332649	-12.13208889	25.15306622	0.943761923	718.8628383	538.9069421	1.33392759
25.66138594	1.332353697	-12.16451612	25.21726804	0.943781209	718.5961517	538.8281676	1.333627666
25.72526145	1.330885269	-12.19718809	25.28163302	0.943810137	718.6230259	538.7558296	1.333856613
25.78913695	1.328437889	-12.23034953	25.34632432	0.943858352	718.3441728	538.5716256	1.333795058
25.85301245	1.326479985	-12.26326623	25.41085246	0.943896923	718.2664197	538.6265119	1.33351479
25.91688796	1.324522081	-12.29618294	25.47538059	0.943935494	718.0095462	538.5412974	1.333248814
25.98076346	1.323053653	-12.3288549	25.53974557	0.943964423	718.0522803	538.5659091	1.333267235
26.04463896	1.321095749	-12.36177161	25.60427371	0.944002994	717.734582	538.5311027	1.332763472
26.10851447	1.319137845	-12.39468831	25.66880185	0.944041565	717.712512	538.553453	1.332667181
26.17238997	1.317179941	-12.42760501	25.73332999	0.944080136	717.3540314	538.3831905	1.332422787
26.23626547	1.315711513	-12.46027698	25.79769497	0.944109065	717.294283	538.3945393	1.332283726
26.30014098	1.313264133	-12.49343842	25.86238626	0.944157279	716.8719801	538.2233267	1.331922911
26.36401648	1.312285181	-12.52586565	25.92658809	0.944176565	716.8141241	538.2649314	1.331712475
26.42789198	1.309837801	-12.55902709	25.99127938	0.944224779	716.607016	538.1047243	1.331724074
26.49176749	1.307879897	-12.59194379	26.05580752	0.94426335	716.304523	538.0139323	1.331386568
26.55564299	1.306411469	-12.62461576	26.1201725	0.944292278	716.201234	537.9895417	1.331254938
26.61951849	1.304943041	-12.65728773	26.18453748	0.944321207	715.9401884	537.9026905	1.330984583
26.683394	1.302985137	-12.69020443	26.24906562	0.944359778	715.9295879	537.797783	1.331224506
26.7472695	1.300537757	-12.72336587	26.31375691	0.944407992	715.4251012	537.6495347	1.330653251
26.811145	1.298579853	-12.75628257	26.37828505	0.944446564	715.5887245	537.7550088	1.33069653
26.87502051	1.296621949	-12.78919928	26.44281319	0.944485135	715.2430358	537.6802633	1.330238591
26.93889601	1.294664045	-12.82211598	26.50734133	0.944523706	715.4043015	537.7035735	1.330480839
27.00277151	1.292706141	-12.85503269	26.57186947	0.944562277	715.2131624	537.6299035	1.330307629
27.06664702	1.291237713	-12.88770465	26.63623444	0.944591206	714.9273786	537.5547202	1.329962052
27.13052252	1.289279808	-12.92062136	26.70076258	0.944629777	714.5790498	537.4380366	1.329602673
27.19439802	1.287321904	-12.95353806	26.76529072	0.944668348	714.6191772	537.4723104	1.329592545
27.25827353	1.285853476	-12.98621002	26.8296557	0.944697277	714.2730452	537.3673001	1.329208244
27.32214903	1.283895572	-13.01912673	26.89418384	0.944735848	714.0975878	537.3188533	1.329001548
27.38602453	1.282427144	-13.05179869	26.95854882	0.944764777	713.8666717	537.2524122	1.328736094
27.44990004	1.28046924	-13.0847154	27.02307696	0.944803348	713.8252886	537.2792659	1.328592659
27.51377554	1.278511336	-13.1176321	27.08760509	0.944841919	713.4730787	537.1515776	1.328252785
27.57765104	1.277042908	-13.15030407	27.15197007	0.944870848	713.2593098	537.1107663	1.327955712
27.64152655	1.27557448	-13.18297603	27.21633505	0.944899776	713.1994045	537.0089278	1.328095992
27.70540205	1.273616576	-13.21589274	27.28086319	0.944938347	712.8066967	536.8882282	1.327663114
27.76927755	1.271658672	-13.24880944	27.34539133	0.944976919	712.5871807	536.7955522	1.327483392
27.83315306	1.270190244	-13.28148141	27.40975631	0.945005847	712.2740858	536.7012263	1.32713333
27.89702856	1.26823234	-13.31439811	27.47428445	0.945044418	712.2072225	536.6384545	1.327163971
27.96090406	1.266274436	-13.34731481	27.53881258	0.94508299	711.8122777	536.4664042	1.32685341
28.02477957	1.264806008	-13.37998678	27.60317756	0.945111918	711.9201912	536.5931364	1.326741143
28.08865507	1.262848104	-13.41290348	27.6677057	0.945150489	711.5239353	536.5012071	1.326229887
28.15253057	1.2608902	-13.44582019	27.73223384	0.945189061	711.3766778	536.4933433	1.325974845
28.21640608	1.259421772	-13.47849215	27.79659882	0.945217989	711.174557	536.3651617	1.325914895
28.28028158	1.257953344	-13.51116412	27.8609638	0.945246918	711.0674174	536.3192455	1.325828643
28.34415708	1.254527012	-13.54481504	27.92598141	0.945314417	710.7156182	536.2222211	1.325412469
28.40803259	1.254037536	-13.57699752	27.99002007	0.94532406	710.5564787	536.0984096	1.325421725
28.47190809	1.252079632	-13.60991423	28.05454821	0.945362631	710.1758279	535.99185	1.324975049
28.53578359	1.250611204	-13.64258619	28.11891319	0.94539156	710.1607966	536.0581785	1.324783065
28.5996591	1.2486533	-13.6755029	28.18344133	0.945430131	709.7598229	535.8427326	1.324567414
28.6635346	1.247184872	-13.70817486	28.24780631	0.94545906	709.8381258	535.8688336	1.324649021
