eps1        epsv      eps3             epsq       Void ratio    q           p          eta = q/p  
[%]         [%]       [%]              [%]        [%]           [kPa]       [kPa]      [-]

0	0	0	0	0.959756724	0.20	398.37	0.00
0.002427257	0.002948994	0.000260869	0.001444259	0.959698931	3.763491341	399.5656691	0.009418956
0.007752495	0.014744971	0.003496238	0.002837505	0.959467758	18.49523313	404.5671747	0.045716099
0.04017917	0.034404933	-0.002887119	0.028710859	0.959082471	50.36866302	415.2015263	0.121311363
0.084073816	0.072741858	-0.005665979	0.05982653	0.95833116	90.49488622	428.5264931	0.211176876
0.142995457	0.111570282	-0.015712587	0.105805363	0.957570218	124.3791712	439.7602007	0.282834079
0.19825921	0.152856201	-0.022701505	0.147307143	0.956761114	153.5738024	449.4817875	0.341668576
0.260047844	0.19414212	-0.032952862	0.195333804	0.955952011	179.3094595	457.3718658	0.392043046
0.319167209	0.237394036	-0.040886586	0.240035863	0.955104378	202.7033487	465.2001919	0.435733588
0.38085698	0.278188456	-0.051334262	0.288127495	0.954304907	223.8677307	472.2851849	0.474009641
0.43967976	0.317999878	-0.060839941	0.3336798	0.9535247	243.7852356	478.9950362	0.508951486
0.491582212	0.356336803	-0.067622704	0.372803277	0.952773389	262.1234633	485.1480168	0.540295857
0.563850198	0.39369073	-0.085079734	0.432619954	0.952041343	279.4187283	490.9731751	0.569112005
0.618520781	0.430553158	-0.093983811	0.475003061	0.951318929	295.8280727	496.5136396	0.595810566
0.683374131	0.466924087	-0.108225022	0.527732768	0.950606148	311.3791242	501.7177294	0.620626113
0.746744553	0.502803517	-0.121970518	0.579143381	0.949902998	326.1586431	506.7045517	0.643686034
0.808829772	0.53720845	-0.135810661	0.629760289	0.949228745	339.8732962	511.2863057	0.664741638
0.876550115	0.570138885	-0.153205615	0.68650382	0.948583389	353.3700911	515.8255574	0.685057353
0.929342323	0.603069321	-0.163136501	0.728319216	0.947938032	366.121016	520.0962717	0.703948549
0.994788844	0.635508257	-0.179640293	0.782952758	0.947302308	378.3416962	524.2304757	0.721708702
1.049657151	0.666472697	-0.191592227	0.827499585	0.94669548	390.062638	528.1780223	0.738505999
1.10847993	0.696945637	-0.205767146	0.876164717	0.946098285	401.5488495	531.9968845	0.754795491
1.182922875	0.726927079	-0.227997898	0.940613849	0.945510722	412.5394161	535.5991067	0.770239179
1.2387798	0.754942524	-0.241918638	0.987132292	0.944961687	422.9589333	538.7891371	0.785017559
1.307389899	0.784923965	-0.261232967	1.045748577	0.944374124	433.035371	541.7629417	0.799307848
1.365322922	0.812447911	-0.276437505	1.094506951	0.943834721	442.8511007	545.1664246	0.812322771
1.437294322	0.839971858	-0.298661232	1.157303703	0.943295319	452.3856414	548.3549718	0.824986851
1.498489785	0.867004305	-0.31574274	1.20948835	0.942765549	461.4860813	551.4389748	0.836876069
1.563837444	0.892562255	-0.335637595	1.266316692	0.942264675	470.5005481	554.423637	0.848630031
1.624835183	0.917628706	-0.353603239	1.318958948	0.941773434	479.2897418	557.4438013	0.859799213
1.676144464	0.942203658	-0.366970403	1.362076578	0.941291824	487.8552057	560.3797599	0.870579633
1.7412944	0.966287111	-0.387503644	1.419198696	0.940819847	495.9495232	563.0371357	0.880846913
1.798831975	0.990370563	-0.404230706	1.468708454	0.94034787	504.1020991	565.815469	0.890930218
1.864179634	1.013471018	-0.425354308	1.526355961	0.939895158	511.7569169	568.346505	0.900431185
1.926956886	1.036571473	-0.445192706	1.581433061	0.939442445	519.4184347	570.9412382	0.909758133
1.985186494	1.059180429	-0.463003033	1.632126351	0.938999364	526.7544033	573.4072131	0.918639304
2.048556917	1.081789385	-0.483383766	1.687960455	0.938556284	534.0567523	575.8413294	0.927437343
2.117859048	1.10488984	-0.506484604	1.749562435	0.938103571	541.0606032	578.1759464	0.935806144
2.174605729	1.125532799	-0.524536465	1.799428129	0.937699019	547.8784735	580.4888078	0.94382263
2.244797617	1.146667258	-0.54906518	1.862575198	0.937284835	554.6436986	582.7334339	0.951796596
2.307772592	1.16583572	-0.570968436	1.919160686	0.93690918	560.8564028	584.1356113	0.960147596
2.368374884	1.185987181	-0.591193852	1.973045824	0.93651426	567.0041472	586.1950624	0.967261896
2.426604492	1.204172645	-0.611215924	2.025213611	0.93615787	573.096723	588.337662	0.974094912
2.494522558	1.224815605	-0.634853477	2.08625069	0.935753318	579.3237615	590.4032205	0.981234081
2.550676069	1.243001069	-0.6538375	2.136342379	0.935396927	585.1825536	592.4163032	0.987789415
2.613749906	1.261678033	-0.676035936	2.193190562	0.935030904	591.1801859	594.496646	0.994421398
2.685029274	1.278880499	-0.703074387	2.258735774	0.934693777	596.7734957	596.4522536	1.000538588
2.747114493	1.297065964	-0.725024264	2.314759171	0.934337387	602.501271	598.401996	1.00685037
2.800895319	1.313776931	-0.743559194	2.362969676	0.934009892	607.9013842	600.2021157	1.012827793
2.863672571	1.330979397	-0.766346587	2.420012772	0.933672766	613.5299977	602.0477932	1.019071915
2.928130474	1.348673363	-0.789728555	2.478572686	0.933326007	618.7546014	603.8095698	1.024751233
2.999212118	1.366858827	-0.816176645	2.543592509	0.932969616	623.9602807	605.5955652	1.030325049
3.058529206	1.382586797	-0.837971205	2.59766694	0.932661386	629.3765542	607.4409817	1.036111446
3.12091101	1.398314766	-0.861298122	2.654806088	0.932353156	634.2213449	609.13688	1.041180342
3.193574444	1.413551236	-0.890011604	2.722390698	0.932054559	639.275908	610.8318553	1.046566092
3.254572183	1.428296207	-0.913137988	2.778473447	0.931765593	643.8787784	612.3767585	1.05144222
3.318832362	1.443041178	-0.937895592	2.837818635	0.931476627	648.7405785	614.0380885	1.056515208
3.384674329	1.456803151	-0.963935589	2.899073279	0.931206926	652.593533	614.6039797	1.061811434
3.444386865	1.471056624	-0.986665121	2.954034657	0.930927593	657.1352744	616.1479285	1.066521924
3.505088019	1.486293094	-1.009397462	3.009656987	0.930628995	661.2573143	617.5828318	1.070718421
3.583287713	1.500546566	-1.041370574	3.083105525	0.930349662	665.7140581	619.159502	1.075189924
3.643890005	1.514308539	-1.064790733	3.139120492	0.930079961	669.920651	620.6018557	1.0794693
3.704294573	1.528070512	-1.088112031	3.194937736	0.929810259	674.1499872	622.0825634	1.083698575
3.765984345	1.541832485	-1.11207593	3.252040183	0.929540558	678.2622422	623.4429481	1.087929929
3.831035419	1.554119961	-1.138457729	3.312995432	0.929299754	682.3358717	624.8004146	1.092086138
3.895789907	1.567390435	-1.164199736	3.373326428	0.929039684	686.0516617	626.1303462	1.095701024
3.960050086	1.579677911	-1.190186087	3.433490782	0.92879888	690.0695673	627.4290001	1.099836901
4.029549941	1.591473888	-1.219038026	3.499058645	0.928567707	693.834728	628.7044597	1.103594411
4.101817926	1.602778366	-1.24951978	3.567558471	0.928346167	697.4163282	629.9285254	1.107135651
4.15925664	1.614574343	-1.272341149	3.621065193	0.928114995	701.0273123	631.1830378	1.110656134
4.224802023	1.625387322	-1.29970735	3.683006249	0.927903087	704.722378	632.3740783	1.11440744
4.280757809	1.6366918	-1.322033005	3.735193876	0.927681546	708.5644413	633.6745981	1.118183439
4.339481727	1.647504779	-1.345988474	3.790313467	0.927469638	711.8376821	634.8063264	1.121346232
4.400380604	1.658809256	-1.370785674	3.847444185	0.927248098	715.6091287	636.0330302	1.125113154
4.463849888	1.667656239	-1.398096825	3.907964475	0.927074719	718.3872971	636.3821894	1.128861412
4.537798525	1.678960717	-1.429418904	3.978144953	0.926853178	721.3318961	637.2928754	1.131868759
4.599488297	1.689282197	-1.45510305	4.036394231	0.926650903	724.5632036	638.3697319	1.135021238
4.660189451	1.699603677	-1.480292887	4.093654892	0.926448627	727.9007426	639.5533379	1.138139229
4.723362149	1.709433657	-1.506964246	4.15355093	0.926255983	730.9806935	640.6712412	1.140960678
4.78989615	1.719755137	-1.535070506	4.216644438	0.926053707	734.3421048	641.8526836	1.144097584
4.85801194	1.72860212	-1.56470491	4.281811233	0.925880328	737.0349115	642.7598328	1.146672324
4.914758621	1.737940602	-1.58840901	4.335445087	0.925697316	740.3793568	643.9757759	1.149700632
4.975954084	1.747279083	-1.6143375	4.393527722	0.925514305	743.3267867	645.0397126	1.152373679
5.045750524	1.756617565	-1.644566479	4.460211336	0.925331293	746.4331186	646.0651995	1.155352616
5.113569728	1.764973049	-1.67429834	4.525245379	0.925167546	749.1849481	647.0028	1.157931539
5.183465031	1.773820032	-1.7048225	4.592191687	0.924994167	751.8432856	647.8876825	1.160453125
5.243078704	1.782667014	-1.730205845	4.648856366	0.924820787	754.7325676	648.8706905	1.163147879
5.30822864	1.791022498	-1.758603071	4.71122114	0.92465704	757.5190972	649.8507127	1.165681721
5.373180851	1.798394983	-1.787392934	4.773715857	0.924512557	760.4486561	650.8071544	1.168470031
5.440011437	1.806750467	-1.816630485	4.837761282	0.92434881	762.9331385	651.7157092	1.170653289
5.502887551	1.814614452	-1.84413655	4.898016067	0.924194695	765.7732459	652.7334226	1.173179156
5.567938624	1.821003939	-1.873467343	4.960937311	0.924069477	768.2746737	653.2135709	1.176146222
5.631309047	1.828376425	-1.901466311	5.021850239	0.923924994	770.1576564	653.5069928	1.178499488
5.69141703	1.836731909	-1.927342561	5.07917306	0.923761247	772.4791041	654.4022607	1.180434651
5.754392005	1.843612895	-1.955389555	5.139854373	0.923626396	775.0418058	655.1857296	1.182934504
5.823496413	1.850985381	-1.986255516	5.206501286	0.923481913	777.4017209	656.002731	1.185058665
5.886767974	1.857374868	-2.014696553	5.267643018	0.923356695	779.9759793	656.8706921	1.187411752
5.95251108	1.864255855	-2.044127613	5.331092462	0.923221844	782.1746919	657.6845643	1.189285464
6.014794023	1.871136841	-2.071828591	5.391081742	0.923086994	784.6777049	658.467887	1.191671941
6.075198591	1.877526329	-2.098836131	5.449356481	0.922961775	787.0369123	659.2853084	1.193772866
6.133527061	1.883915816	-2.124805622	5.505555122	0.922836557	789.5115627	660.2115659	1.195846307
6.19343732	1.890796803	-2.151320259	5.563171719	0.922701706	791.7710571	660.9644847	1.197902573
6.260762215	1.896694791	-2.182033712	5.628530618	0.92258612	793.8807751	661.708372	1.19974419
6.319683856	1.90259278	-2.208545538	5.685486263	0.922470534	796.0078198	662.3871059	1.201726019
6.391556395	1.908982267	-2.241287064	5.755228972	0.922345316	798.4548914	663.1722695	1.203993183
6.445534945	1.914880256	-2.265327345	5.807241526	0.922229729	800.5671707	663.9469636	1.20576976
6.510882604	1.921761242	-2.294560681	5.870295523	0.922094879	802.6124649	664.6491343	1.207573174
6.571979205	1.92815073	-2.321914238	5.929262295	0.92196966	804.9140129	665.406524	1.209657531
6.637722311	1.93306572	-2.352328295	5.993367071	0.921873339	806.8827248	665.9510203	1.21162473
6.701389319	1.93847221	-2.381458555	6.055231916	0.921767384	807.9887271	665.7426267	1.213665304
6.764265433	1.943878699	-2.410193367	6.116305866	0.92166143	809.9300787	666.5013209	1.215196509
6.82842675	1.949285188	-2.439570781	6.17866502	0.921555476	812.1086793	667.2579661	1.217083528
6.888435871	1.955183177	-2.466626347	6.236708145	0.92143989	813.9722774	667.8892865	1.218723363
6.949038162	1.960098167	-2.494469998	6.295672107	0.921343568	816.1714258	668.7028939	1.220529226
7.009343869	1.965504657	-2.521919606	6.35417565	0.921237614	818.0978184	669.4256648	1.222089115
7.073801771	1.969928148	-2.551936812	6.417159055	0.921150925	820.0768022	670.0854901	1.223839069
7.138358536	1.974843138	-2.581757699	6.48007749	0.921054603	821.905277	670.7967657	1.225267203
7.214185547	1.97926663	-2.617459459	6.554430004	0.920967913	823.8018786	671.4492902	1.226901109
7.273107188	1.983198622	-2.644954283	6.612040981	0.920890856	825.5654825	672.0876812	1.228359789
7.339542327	1.988113612	-2.675714357	6.676837789	0.920794534	827.4928025	672.7204102	1.230069417
7.402121855	1.993028603	-2.704546626	6.737778987	0.920698212	829.2012104	673.3101215	1.231529401
7.472017157	1.997452094	-2.737282531	6.806199792	0.920611522	830.8369234	673.9456281	1.232795182
7.530345627	2.001384087	-2.76448077	6.863217598	0.920534465	832.8940866	674.6616302	1.234536024
7.598560279	2.00482458	-2.796867849	6.930285419	0.920467039	834.4803071	675.2411394	1.235825631
7.657086473	2.008756572	-2.82416495	6.987500948	0.920389982	836.4297392	675.8912781	1.237521132
7.723323888	2.012197065	-2.855563411	7.052591533	0.920322557	837.9280639	676.3606846	1.238877544
7.792230572	2.014654561	-2.888788006	7.120679052	0.920274396	838.8178943	675.8884268	1.241059709
7.854612376	2.018586553	-2.918012912	7.181750192	0.920197338	840.2257155	676.4184265	1.242168579
7.919465726	2.022027046	-2.94871934	7.245456711	0.920129913	841.8778514	676.9993375	1.243543095
7.986592898	2.025467539	-2.980562679	7.311437051	0.920062488	843.2575467	677.5598719	1.244550602
8.046997466	2.028908033	-3.009044717	7.370694788	0.919995062	845.0937304	678.2934671	1.245911646
8.104040733	2.032840025	-3.035600354	7.426427391	0.919918005	846.763535	678.9209157	1.247219691
8.173837173	2.035789019	-3.069024077	7.495240833	0.919860212	848.3044625	679.3735042	1.248656972
8.228507756	2.038738014	-3.094884871	7.548928418	0.919802419	849.9079041	679.9587537	1.249940382
8.289900942	2.041687008	-3.124106967	7.609338606	0.919744626	851.6943619	680.5342436	1.251508458
8.362762099	2.045619	-3.15857155	7.680889099	0.919667568	852.884321	681.0123567	1.25237716
8.420398537	2.048076495	-3.186161021	7.737706371	0.919619407	854.522334	681.588642	1.253721499
8.489404083	2.051516989	-3.218943547	7.805565086	0.919551982	855.8621156	682.0858409	1.254771855
8.55742101	2.053974484	-3.251723263	7.872762849	0.919503821	857.3232708	682.5828496	1.255998845
8.620000538	2.057414977	-3.281292781	7.934195546	0.919436396	858.7423491	683.0864847	1.257150256
8.683074376	2.059380973	-3.311846701	7.996614051	0.919397867	860.1165355	683.5541758	1.258300462
8.746840246	2.062821466	-3.34200939	8.05923309	0.919330442	861.7411538	684.0955513	1.259679517
8.808826603	2.064787463	-3.37201957	8.120564115	0.919291913	862.9969616	684.5647589	1.260650582
8.869923204	2.065278962	-3.402322121	8.181496883	0.919282281	863.9501981	684.2656974	1.262594635
8.938236717	2.068227956	-3.435004381	8.248827398	0.919224488	864.5838155	684.5173872	1.263056033
9.000223074	2.070193952	-3.465014561	8.310158423	0.919185959	866.423109	685.130157	1.264610965
9.068922149	2.073142946	-3.497889601	8.3778745	0.919128166	867.2452397	685.5047546	1.265119219
9.127982196	2.075108942	-3.526436627	8.436279215	0.919089637	868.8363766	686.0654965	1.266404419
9.190294797	2.077074939	-3.556609929	8.497936484	0.919051108	870.0254187	686.5732569	1.267199691
9.254396797	2.079040935	-3.587677931	8.561383152	0.919012579	871.6609781	687.0883264	1.268630167
9.313308552	2.08149843	-3.615905061	8.619475742	0.918964419	872.9555784	687.5289968	1.269700016
9.375196048	2.083464426	-3.645865811	8.680707906	0.91892589	874.3862517	688.0564929	1.270805901
9.440375641	2.084938923	-3.677718359	8.745396	0.918896993	875.4107841	688.5306427	1.271418772
9.502530064	2.087396418	-3.707566823	8.806731258	0.918848832	876.8135973	689.0592191	1.272479307
9.576389725	2.089362415	-3.743513655	8.879935587	0.918810304	877.8756699	689.4028763	1.273385563
9.637782911	2.090345413	-3.773718749	8.941001107	0.918791039	879.2672243	689.8872978	1.274508499
9.698770764	2.092311409	-3.803229678	9.001333628	0.91875251	880.2782984	690.2039985	1.275388581
9.764790683	2.093294407	-3.835748138	9.067025881	0.918733246	881.5464238	690.6970619	1.276314136
9.820983738	2.095260403	-3.862861668	9.122563604	0.918694717	882.8437227	691.2103809	1.277243148
9.878343362	2.096243401	-3.891049981	9.179595562	0.918675453	884.02101	691.64354	1.278145401
9.94602416	2.096243401	-3.92489038	9.24727636	0.918675453	884.8423151	691.4930464	1.279611299
10.01675979	2.097717898	-3.959520945	9.317520488	0.918646556	885.2067421	691.300361	1.280495125
10.08329379	2.099192395	-3.992050697	9.38356299	0.91861766	886.3159415	691.7312302	1.281301036
10.14758363	2.100666892	-4.023458367	9.447361329	0.918588763	887.2503957	692.1542099	1.281868091
10.20919431	2.10214139	-4.053526459	9.508480512	0.918559867	888.6704342	692.6577551	1.282986334
10.28277716	2.103615887	-4.089580635	9.581571861	0.91853097	889.5808567	692.9610652	1.283738584
10.35013171	2.104598885	-4.122766413	9.648598748	0.918511706	890.7642021	693.4264427	1.284583551
10.41007163	2.105090384	-4.152490622	9.708374833	0.918502074	891.747683	693.7643907	1.285375403
10.47380784	2.106073382	-4.183867229	9.771783378	0.918482809	893.1314255	694.2657122	1.28644035
10.53664441	2.107547879	-4.214548264	9.834128448	0.918453913	894.1145807	694.6136726	1.287211318
10.600608	2.108039378	-4.246284312	9.897928209	0.91844428	895.2444648	695.0514366	1.288026206
10.66223846	2.109022376	-4.27660804	9.959230997	0.918425016	895.9407621	695.2934107	1.288579394
10.72124907	2.109513875	-4.305867599	10.01807778	0.918415384	897.3088962	695.7995684	1.289608297
10.7856872	2.110496873	-4.337595165	10.08218825	0.91839612	898.2383174	696.0690555	1.29044426
10.84374875	2.110988372	-4.366380187	10.14008596	0.918386487	899.4181589	696.50323	1.291333795
10.91219078	2.11197137	-4.400109705	10.20820032	0.918367223	900.2303244	696.8547558	1.291847859
10.97674754	2.113445867	-4.431650838	10.27226559	0.918338326	901.1803542	697.2315844	1.292512236
11.05131901	2.11197137	-4.46967382	10.34732855	0.918367223	901.8791119	697.1716506	1.293625624
11.11241561	2.11197137	-4.50022212	10.40842515	0.918367223	901.908607	696.7262833	1.294494881
11.17374948	2.112462869	-4.530643306	10.46959519	0.918357591	902.8520732	697.0710531	1.295208099
11.24231015	2.113445867	-4.56443214	10.53782819	0.918338326	903.6043417	697.3624572	1.295745609
11.29866138	2.113937366	-4.592362008	10.59401559	0.918328694	904.9061083	697.8666524	1.296674809
11.36578855	2.113937366	-4.625925594	10.66114276	0.918328694	905.5874722	698.1746597	1.297078689
11.43163052	2.113937366	-4.658846578	10.72698473	0.918328694	906.6391705	698.5050658	1.297970788
11.49312257	2.114920365	-4.689101103	10.78814911	0.91830943	907.3830267	698.7730139	1.298537592
11.55748161	2.114920365	-4.721280623	10.85250816	0.91830943	908.3734425	699.2454205	1.299076713
11.62253268	2.114920365	-4.75380616	10.91755923	0.91830943	909.5455264	699.7066341	1.299895531
11.68619969	2.114428866	-4.785885413	10.98139007	0.918319062	910.3424977	700.0330992	1.300427792
11.74917467	2.115411864	-4.816881402	11.04403738	0.918299798	910.8957191	700.1877174	1.300930731
11.81274281	2.114920365	-4.848911225	11.10776936	0.91830943	911.9281834	700.5215051	1.301784709
11.87996885	2.114920365	-4.882524241	11.17499539	0.91830943	912.591276	700.894105	1.302038738
11.93562805	2.114428866	-4.910599591	11.23081843	0.918319062	913.7487015	701.3002375	1.302935109
12.00097571	2.114920365	-4.943027671	11.29600225	0.91830943	914.2174753	701.4359254	1.303351371
12.06345637	2.114428866	-4.974513754	11.35864675	0.918319062	915.3472396	701.9038485	1.304092065
12.13641639	2.113937366	-5.011239513	11.4317706	0.918328694	915.9374915	702.0599512	1.304642844
12.20206064	2.110988372	-5.045536132	11.49839785	0.918386487	915.8191364	701.3122755	1.305864974
12.26444244	2.110988372	-5.076727034	11.56077965	0.918386487	916.1885767	701.3947742	1.306238099
12.32682425	2.111479871	-5.107672187	11.62299762	0.918376855	916.8930739	701.7415116	1.306596601
12.394248	2.110496873	-5.141875564	11.69074904	0.91839612	918.0028084	702.1316651	1.307451086
12.45682753	2.110005374	-5.173411078	11.75349241	0.918405752	918.5733895	702.3822568	1.307796973
12.52415243	2.109513875	-5.207319275	11.82098113	0.918415384	919.7073424	702.7603231	1.308706983
12.58455699	2.109513875	-5.237521559	11.8813857	0.918415384	920.1595771	703.093164	1.308730655
12.64318205	2.108530877	-5.267325586	11.94033842	0.918434648	921.0922436	703.4547399	1.309383805
12.70852971	2.107547879	-5.300490914	12.00601375	0.918453913	921.8809863	703.7074511	1.310034425
12.76883541	2.106564881	-5.331135267	12.06664712	0.918473177	922.579299	703.930429	1.310611477
12.83576486	2.106073382	-5.36484574	12.1337404	0.918482809	923.3044925	704.1923202	1.31115388
12.90575903	2.104598885	-5.400580071	12.20422606	0.918511706	923.9856789	704.3882813	1.311756177
12.96883286	2.103615887	-5.432608488	12.26762757	0.91853097	924.5544532	704.6989967	1.311984915
13.03131353	2.102632889	-5.464340321	12.3304359	0.918550235	925.3628673	704.9280661	1.312705383
13.09033403	2.10164989	-5.494342071	12.38978407	0.918569499	926.0180223	705.1768961	1.313171245
13.15597828	2.100666892	-5.527655692	12.45575598	0.918588763	926.7885811	705.474643	1.313709274
13.22468724	2.099683894	-5.562501672	12.52479261	0.918608028	927.3598966	705.7160965	1.314069356
13.28430091	2.096243401	-5.594028755	12.58555311	0.918675453	927.2529235	704.9523828	1.315341215
13.35123036	2.094768904	-5.628230728	12.65297406	0.918704349	927.5540585	705.0624722	1.31556294
13.4088668	2.093294407	-5.657786195	12.71110199	0.918733246	928.093644	705.332767	1.315823803
13.47727917	2.091328411	-5.692975381	12.7801697	0.918771775	928.9090099	705.7260896	1.316245812
13.55508342	2.090345413	-5.732369003	12.85830161	0.918791039	929.1627915	705.8508395	1.316372723
13.60708473	2.088870915	-5.759106909	12.91079443	0.918819936	930.2714933	706.2613008	1.317177498
13.6750028	2.087887917	-5.793557441	12.97904016	0.9188392	930.7677048	706.5178756	1.317401494
13.73600054	2.085430422	-5.825285058	13.04085706	0.918887361	931.6491331	706.792017	1.3181376
13.80213909	2.084447424	-5.858845834	13.10732328	0.918906625	932.1139026	706.9467762	1.318506476
13.86284025	2.082481428	-5.890179409	13.16867977	0.918945154	932.8126311	707.3119147	1.318813683
13.92364026	2.081989929	-5.920825166	13.22964362	0.918954786	933.3129618	707.4787736	1.319209843
13.99393101	2.079040935	-5.957445038	13.30091737	0.919012579	934.1966551	707.773092	1.319909821
14.05542306	2.078057937	-5.988682561	13.36273708	0.919031844	934.7041989	707.9421093	1.320311628
14.11236746	2.07609194	-6.018137761	13.42033682	0.919070373	935.3430347	708.2056596	1.320722338
14.18443773	2.074617443	-6.054910141	13.49289858	0.919099269	935.9822771	708.4591424	1.321152091
14.25146604	2.073634445	-6.088915795	13.56025455	0.919118533	936.5397929	708.644981	1.32159236
14.30811385	2.071668449	-6.118222703	13.6175577	0.919157062	937.1762293	708.9385044	1.32194291
14.38453404	2.068227956	-6.15815304	13.69512472	0.919224488	937.1406306	708.2990542	1.323086096
14.438216	2.06626196	-6.185977021	13.74946201	0.919263016	937.0430008	708.0632709	1.323388798
14.50998968	2.065770461	-6.222109609	13.82139952	0.919272648	937.5462198	708.2712486	1.323710685
14.57434872	2.063804464	-6.255272127	13.8864139	0.919311177	938.2761829	708.6466346	1.324039566
14.6323806	2.062329967	-6.285025318	13.94493728	0.919340074	938.6167885	708.8514228	1.324137553
14.69535558	2.061346969	-6.317004305	14.00823992	0.919359338	939.3443908	709.2055339	1.324502342
14.75477153	2.060363971	-6.347203779	14.06798354	0.919378602	939.8326503	709.3784081	1.324867856
14.82476569	2.058889474	-6.38293811	14.1384692	0.919407499	940.5661242	709.6838714	1.325331126
14.88734522	2.057906476	-6.414719373	14.2013764	0.919426763	940.854753	709.820565	1.325482522
14.95437353	2.056431979	-6.448970776	14.2688962	0.91945566	941.6395882	710.0517317	1.326156315
15.0194246	2.055448981	-6.481987812	14.33427494	0.919474924	942.1041352	710.2773457	1.326389108
15.08141096	2.053482985	-6.513963988	14.39691663	0.919513453	942.7749957	710.5110869	1.326896952
15.15021878	2.052499987	-6.548859399	14.46605212	0.919532717	943.0564215	710.6148525	1.327099227
15.22228905	2.05053399	-6.585877528	14.53877772	0.919571246	943.5881979	710.8329233	1.3274402
15.28121069	2.050042491	-6.615584098	14.59786319	0.919580878	944.1410565	711.0678145	1.327779204
15.34912875	2.047093497	-6.651017628	14.66676425	0.919638671	944.751137	711.3315727	1.32814453
15.41220259	2.046601998	-6.682800296	14.73000192	0.919648304	945.1853643	711.4661941	1.32850355
15.46954244	2.044144503	-6.71269897	14.78816094	0.919696465	945.4346315	711.1245292	1.329492364
15.53093563	2.042178507	-6.744378561	14.85020946	0.919734993	944.9800903	710.6894634	1.329666667
15.59885369	2.041195509	-6.778829093	14.91845519	0.919754258	945.5107593	710.9970241	1.329837858
15.65985143	2.040212511	-6.809819462	14.9797806	0.919773522	945.9802189	711.1433896	1.330224302
15.72678088	2.038246514	-6.844267184	15.04736538	0.919812051	946.4401921	711.296878	1.330583925
15.79450122	2.036772017	-6.878864603	15.11557722	0.919840947	946.8712984	711.5218761	1.33076906
15.85668531	2.03529752	-6.910693892	15.1782528	0.919869844	947.3627845	711.7670008	1.331001273
15.91639784	2.033823023	-6.941287409	15.23845683	0.91989874	948.1529631	712.1616387	1.331373261
15.97848306	2.032348526	-6.973067267	15.30103355	0.919927637	948.3239788	712.1986479	1.3315442
16.03829446	2.030874029	-7.003710214	15.36133645	0.919956534	949.245296	712.5053437	1.332264108
16.11412147	2.028908033	-7.042606718	15.43781879	0.919995062	949.3435525	712.6089428	1.332208306
16.17709644	2.027433536	-7.074831454	15.50128526	0.920023959	949.9301052	712.8145814	1.332646848
16.24392703	2.026450538	-7.108738246	15.56844352	0.920043223	950.1815083	712.8983004	1.332842998
16.2988942	2.024484541	-7.137204828	15.62406602	0.920081752	950.8504468	713.1923729	1.333231373
16.35761812	2.023010044	-7.167304036	15.68328143	0.920110649	951.479674	713.4428453	1.333645267
16.42662366	2.021044048	-7.202789807	15.75294231	0.920149177	951.8496794	713.5765475	1.333913906
16.49216904	2.019569551	-7.236299746	15.81897919	0.920178074	952.1942848	713.7625909	1.33404902
16.55702239	2.017112056	-7.269955169	15.88465171	0.920226235	952.5580302	713.5598034	1.334937907
16.61693265	2.015637559	-7.300647547	15.94505347	0.920255131	951.9273662	712.9142151	1.335262148
16.68504844	2.013671563	-7.33568844	16.01382459	0.92029366	952.5035503	713.1565534	1.335616346
16.74644163	2.012197065	-7.367122282	16.07570927	0.920322557	952.574483	713.3215637	1.335406823
16.80734051	2.010722568	-7.398308969	16.13709965	0.920351453	953.1892611	713.6176607	1.335714226
16.87496199	2.008756572	-7.433102707	16.20537646	0.920389982	953.518078	713.7684883	1.335892651
16.93408135	2.007282075	-7.463399638	16.26498733	0.920418879	954.104544	714.024703	1.336234643
17.01010609	2.00482458	-7.502640753	16.34183123	0.920467039	954.3506627	714.1474726	1.336349563
17.07120269	2.003350083	-7.533926302	16.40341933	0.920495936	954.6641213	714.2313068	1.336631582
17.13101408	2.001875586	-7.564569249	16.46372222	0.920524833	955.7295145	714.6574488	1.337325338
17.2006128	2.000401088	-7.600105856	16.53381244	0.920553729	955.7623046	714.7187379	1.337256537
17.25904013	1.997943593	-7.63054827	16.59305894	0.92060189	956.404796	714.9533077	1.337716443
17.32003787	1.996960595	-7.661538638	16.65438434	0.920621154	956.4493965	715.0286545	1.337637856
17.39270131	1.994994599	-7.698853353	16.72770311	0.920659683	956.9952507	715.2210549	1.338041217
17.45528083	1.993028603	-7.731126115	16.79093797	0.920698212	957.5441313	715.4547021	1.338371428
17.5219137	1.991062607	-7.765425545	16.85822616	0.920736741	958.0216716	715.6847292	1.338608514
17.58281257	1.989096611	-7.796857981	16.91978037	0.920775269	958.0518869	715.685172	1.338649904
17.64420576	1.986639115	-7.828783322	16.98199272	0.92082343	958.7376669	715.8632423	1.339274893
17.71103635	1.98418162	-7.863427363	17.04964247	0.920871591	957.8689781	714.8856154	1.339891246
17.77282498	1.983198622	-7.894813179	17.11175877	0.920890856	958.206018	715.068973	1.340019011
17.83579995	1.980249628	-7.927775163	17.17571675	0.920948649	958.3974436	715.2237065	1.339996752
17.89897265	1.978775131	-7.960098761	17.23938094	0.920977545	958.9320671	715.3910554	1.340430608
17.96105787	1.976809135	-7.992124369	17.30212149	0.921016074	959.4504498	715.6553486	1.34065993
18.02462602	1.974843138	-8.02489144	17.36634497	0.921054603	959.7724478	715.8133683	1.340813808
18.09274181	1.973368641	-8.059686584	17.43495226	0.921083499	960.0442611	715.9954717	1.34085242
18.15571678	1.971894144	-8.09191132	17.49841874	0.921112396	960.3524871	716.1083347	1.341071512
18.2273916	1.969928148	-8.128731725	17.57074888	0.921150925	960.8391017	716.3313476	1.341333316
18.2851269	1.967962152	-8.158582373	17.62913951	0.921189453	961.0902009	716.4556133	1.341451142
18.35660399	1.966487655	-8.195058167	17.7011081	0.92121835	961.3813874	716.5219845	1.341733273
18.41868921	1.964521659	-8.227083775	17.76384866	0.921256879	961.5561873	716.5906181	1.341848697
18.47790743	1.962555662	-8.257675886	17.82372221	0.921295407	962.0715461	716.8640244	1.342055834
18.5416733	1.960589666	-8.290541819	17.88814342	0.921333936	962.2674405	716.9190375	1.342226095
18.6089982	1.95862367	-8.325187265	17.95612364	0.921372465	962.7713193	717.1273171	1.3425389
18.6700948	1.957149173	-8.356472814	18.01771174	0.921401361	963.0661504	717.2149811	1.342785881
18.73030165	1.955674676	-8.387313485	18.07841009	0.921430258	963.5454977	717.4053726	1.343097689
18.79703337	1.951742684	-8.422645343	18.14645248	0.921507315	962.6060968	716.3537339	1.34375805
18.858822	1.950268186	-8.454276908	18.20873261	0.921536212	962.8449014	716.4731635	1.343867364
18.9194243	1.94830219	-8.485561052	18.26999023	0.921574741	963.0476849	716.661718	1.343796746
18.98328903	1.946336194	-8.518476416	18.3345103	0.92161327	963.3852314	716.7739875	1.34405719
19.05357978	1.944370198	-8.554604789	18.40545638	0.921651798	963.557101	717.0144393	1.34384616
19.12555118	1.942895701	-8.591327738	18.47791928	0.921680695	963.7119837	717.0962659	1.343908802
19.18971249	1.940438206	-8.624637144	18.54289976	0.921728856	963.9703498	717.2230359	1.344031496
19.24398763	1.93847221	-8.65275771	18.59783023	0.921767384	964.0665481	717.276082	1.344066214
19.31289431	1.936997712	-8.687948301	18.66722841	0.921796281	964.5144531	717.4451337	1.344373817
19.38318506	1.935031716	-8.724076674	18.73817449	0.92183481	964.6123439	717.548037	1.344317445
19.44902703	1.93306572	-8.757980656	18.80467179	0.921873339	964.8488125	717.6671798	1.344423766
19.51111225	1.931591223	-8.789760514	18.86724851	0.921902235	965.1117241	717.78641	1.344566727
19.5671669	1.929625227	-8.818770836	18.92395849	0.921940764	965.635984	717.9612453	1.34496951
19.63132822	1.927659231	-8.851834493	18.98877514	0.921979293	965.5404848	717.9697323	1.344820598
19.69212823	1.925693235	-8.883217498	19.05023049	0.922017821	965.9828111	718.1274594	1.34514117
19.75994744	1.924218737	-8.917864349	19.11854119	0.922046718	966.0187827	718.1186339	1.345207793
19.82054973	1.921761242	-8.949394243	19.17996265	0.922094879	966.3902383	718.3843104	1.345227372
19.88876438	1.918812248	-8.984976065	19.2491603	0.922152672	965.6903674	717.3922731	1.346112028
19.95144277	1.917337751	-9.017052509	19.31233019	0.922181568	965.3739745	717.3171718	1.345811884
20.02044831	1.914880256	-9.05278403	19.3821549	0.922229729	965.2082918	717.3024283	1.345608566
20.08203922	1.912422761	-9.084808232	19.44456497	0.92227789	965.6054339	717.454723	1.345876476
20.1462994	1.910948263	-9.11767557	19.50931665	0.922306787	965.7195649	717.5430436	1.345869873
20.20225519	1.908982267	-9.146636462	19.56592777	0.922345316	965.9925188	717.6945083	1.345966156
20.27541293	1.907016271	-9.184198331	19.63974084	0.922383844	966.1632258	717.8220936	1.345964737
20.3399697	1.905541774	-9.217213961	19.70478911	0.922412741	966.2906728	717.9458719	1.345910201
20.40600939	1.903575778	-9.251216805	19.77148413	0.92245127	966.4152481	717.997846	1.345986278
20.47214794	1.902101281	-9.285023331	19.83811418	0.922480166	966.5848095	718.0444915	1.346134983
20.54233983	1.900135285	-9.321102273	19.9089614	0.922518695	966.8057652	718.1484244	1.34624784
20.60511708	1.898169288	-9.353473896	19.97239399	0.922557224	966.5795402	718.1747181	1.345883552
20.66482962	1.896203292	-9.384313162	20.03276185	0.922595752	967.2246009	718.3794533	1.346397919
20.73818508	1.894728795	-9.421728144	20.10660882	0.922624649	967.0214823	718.3828401	1.346108827
20.79710672	1.8922713	-9.452417712	20.16634962	0.92267281	967.3468754	718.3896025	1.346549104
20.86113144	1.890796803	-9.485167318	20.23086584	0.922701706	967.4685021	718.5215617	1.346471078
20.92515615	1.88735631	-9.518899923	20.29603738	0.922769132	967.3772481	718.0661437	1.347197966
20.98918087	1.885881812	-9.551649529	20.3605536	0.922798028	966.7286754	717.5970098	1.347174894
21.05320559	1.883424317	-9.584890634	20.42539748	0.922846189	966.9647271	717.7564977	1.347204421
21.1172303	1.88194982	-9.617640241	20.48991369	0.922875086	967.0597998	717.8692386	1.347125281
21.18125502	1.880475323	-9.650389847	20.55442991	0.922903982	967.1746819	717.9681766	1.347099653
21.24527973	1.878017828	-9.683630952	20.61927379	0.922952143	967.2358942	718.0491427	1.347033005
21.30930445	1.876051832	-9.716626308	20.68395384	0.922990672	967.5340353	718.1788041	1.347204944
21.37332916	1.874085835	-9.749621664	20.74863388	0.923029201	967.5334305	718.2397385	1.347089807
21.43735388	1.872611338	-9.78237127	20.8131501	0.923058097	967.8330509	718.410459	1.347186749
21.50137859	1.870153843	-9.815612376	20.87799398	0.923106258	967.9729468	718.4972469	1.347218728
21.56540331	1.868679346	-9.848361982	20.94251019	0.923135155	967.9728812	718.5583611	1.347104054
21.62942803	1.866221851	-9.881603087	21.00735408	0.923183316	968.4480056	718.6656389	1.347564087
21.69345274	1.864747354	-9.914352694	21.07187029	0.923212212	968.3604247	718.7271242	1.347326951
21.75747746	1.862781358	-9.94734805	21.13655034	0.923250741	968.6044835	718.8492892	1.347437492
21.82150217	1.860323862	-9.980589155	21.20139422	0.923298902	968.5256636	718.8332189	1.347357966
21.88552689	1.857866367	-10.01383026	21.2662381	0.923347063	969.0355484	718.9936335	1.347766522
21.9495516	1.854917373	-10.04731712	21.33124581	0.923404856	967.8754031	717.9997404	1.348016369
22.01357632	1.852951377	-10.08031247	21.39592586	0.923443385	967.9664862	718.1011944	1.347952759
22.07760103	1.850985381	-10.11330783	21.46060591	0.923481913	967.8879613	718.1052184	1.347835855
22.14162575	1.849510884	-10.14605743	21.52512212	0.92351081	968.2120267	718.2840872	1.34795138
22.20565047	1.847544887	-10.17905279	21.58980217	0.923549339	968.4034898	718.4797273	1.34785082
22.26967518	1.84607039	-10.2118024	21.65431838	0.923578235	968.7239103	718.5560071	1.348153659
22.3336999	1.843612895	-10.2450435	21.71916226	0.923626396	968.1949806	718.4100602	1.34769129
22.39772461	1.842138398	-10.27779311	21.78367848	0.923655293	968.491426	718.5897613	1.347766804
22.46174933	1.840172402	-10.31078846	21.84835853	0.923693822	968.4884553	718.6191341	1.347707582
22.52577404	1.838697905	-10.34353807	21.91287474	0.923722718	968.8023589	718.8145296	1.34777793
22.58979876	1.837223408	-10.37628768	21.97739096	0.923751615	968.7177852	718.8067444	1.347674869
22.65382347	1.83574891	-10.40903728	22.04190717	0.923780511	968.8405684	718.8371411	1.347788689
22.71784819	1.832799916	-10.44252414	22.10691488	0.923838304	969.2806543	719.0750894	1.347954711
22.78187291	1.831816918	-10.47502799	22.17126727	0.923857569	969.0509377	718.9986812	1.347778463
22.84589762	1.829359423	-10.5082691	22.23611115	0.92390573	969.2633765	718.8971912	1.348264242
22.90992234	1.826410429	-10.54175595	22.30111886	0.923963523	967.9519018	717.9237019	1.348265699
22.97394705	1.824444433	-10.57475131	22.36579891	0.924002052	968.2293138	718.0670236	1.348382925
23.03797177	1.823461434	-10.60725517	22.43015129	0.924021316	968.1618305	718.1462312	1.348140237
23.10199648	1.821003939	-10.64049627	22.49499517	0.924069477	968.2651572	718.2817194	1.348029793
23.1660212	1.820020941	-10.67300013	22.55934755	0.924088741	968.2778943	718.4178661	1.347792058
23.23004591	1.818054945	-10.70599548	22.6240276	0.92412727	968.5900133	718.4508128	1.348164684
23.29407063	1.816088949	-10.73899084	22.68870765	0.924165799	968.5073106	718.4628272	1.348027029
23.35809534	1.813631454	-10.77223195	22.75355153	0.92421396	968.625138	718.563321	1.348002479
23.42212006	1.813139955	-10.80449005	22.81774008	0.924223592	968.2859485	718.5516318	1.347552362
23.48614478	1.810682459	-10.83773116	22.88258396	0.924271753	968.8135307	718.7378596	1.347937246
23.55016949	1.809207962	-10.87048076	22.94710017	0.924300649	968.4417159	718.6740733	1.34753952
23.61419421	1.807733465	-10.90323037	23.01161639	0.924329546	968.6457133	718.8028804	1.347581847
23.67821892	1.805767469	-10.93622573	23.07629643	0.924368075	968.4316538	718.6806763	1.347513139
23.74224364	1.804784471	-10.96872958	23.14064881	0.924387339	968.575717	718.8099933	1.347471134
23.80626835	1.800852479	-11.00270794	23.20598419	0.924464396	968.4015285	718.3981055	1.348001228
23.87029307	1.798886483	-11.03570329	23.27066424	0.924502925	967.4452973	717.7354118	1.347913565
23.93431778	1.796920486	-11.06869865	23.33534429	0.924541454	967.4324443	717.7814864	1.347809135
23.9983425	1.795445989	-11.10144826	23.3998605	0.92457035	967.3411118	717.8729863	1.347510117
24.06236722	1.793971492	-11.13419786	23.46437672	0.924599247	967.6169592	717.9546504	1.347741057
24.12639193	1.792005496	-11.16719322	23.52905677	0.924637776	967.538439	718.008625	1.347530385
24.19041665	1.7900395	-11.20018857	23.59373681	0.924676304	967.458645	718.042589	1.347355519
24.25444136	1.788565003	-11.23293818	23.65825303	0.924705201	967.8111307	718.2213842	1.347510882
24.31846608	1.787090506	-11.26568779	23.72276924	0.924734098	967.9168365	718.3076345	1.34749624
24.38249079	1.786107507	-11.29819164	23.78712162	0.924753362	967.8219975	718.3063025	1.347366707
24.44651551	1.784141511	-11.331187	23.85180167	0.924791891	967.8384057	718.3013229	1.347398891
24.51054022	1.782175515	-11.36418235	23.91648172	0.924830419	967.3447508	718.1773373	1.346944133
24.57456494	1.781684016	-11.39644046	23.98067027	0.924840052	967.7187846	718.3522922	1.347136767
24.63858966	1.779226521	-11.42968157	24.04551415	0.924888213	967.6855227	718.4223369	1.346959126
24.70261437	1.777752024	-11.46243117	24.11003036	0.924917109	967.5996907	718.5156702	1.346664702
24.76663909	1.77480303	-11.49591803	24.17503808	0.924974902	966.8492936	717.5267049	1.347474996
24.8306638	1.773328532	-11.52866763	24.23955429	0.925003799	966.2753226	717.3353812	1.347034244
24.89468852	1.771854035	-11.56141724	24.30407051	0.925032695	966.4295194	717.4067761	1.347115126
24.95871323	1.769888039	-11.5944126	24.36875055	0.925071224	966.3143087	717.4394656	1.34689316
25.02273795	1.768413542	-11.6271622	24.43326677	0.925100121	966.5057496	717.6754182	1.346717088
25.08676266	1.766939045	-11.65991181	24.49778298	0.925129017	966.2513309	717.662033	1.346387696
25.15078738	1.764973049	-11.69290717	24.56246303	0.925167546	966.4751286	717.7363042	1.346560182
25.2148121	1.763498552	-11.72565677	24.62697924	0.925196442	966.5205674	717.7104745	1.346671954
25.27883681	1.761532556	-11.75865213	24.69165929	0.925234971	966.5797841	717.7502094	1.346679905
25.34286153	1.759566559	-11.79164748	24.75633934	0.9252735	966.295481	717.7471047	1.346289626
25.40688624	1.758092062	-11.82439709	24.82085555	0.925302397	966.4974088	717.8954639	1.346292681
25.47091096	1.757109064	-11.85690095	24.88520794	0.925321661	966.4011642	717.8936634	1.346161992
25.53493567	1.755143068	-11.8898963	24.94988798	0.92536019	966.4544799	717.9925673	1.346050814
25.59896039	1.753668571	-11.92264591	25.0144042	0.925389086	966.2103956	717.9210809	1.345844859
25.6629851	1.750228078	-11.95637851	25.07957574	0.925456512	965.9860094	717.5223315	1.346280063
25.72700982	1.748753581	-11.98912812	25.14409196	0.925485408	964.7393467	716.7325462	1.346024192
25.79103454	1.747770582	-12.02163198	25.20844434	0.925504672	964.737761	716.8431847	1.345814233
25.85505925	1.745804586	-12.05462733	25.27312439	0.925543201	964.7250747	716.8695649	1.345747012
25.91908397	1.744330089	-12.08737694	25.3376406	0.925572098	964.6958086	716.8902545	1.345667349
25.98310868	1.742855592	-12.12012654	25.40215682	0.925600994	964.6252497	716.9377459	1.345479793
26.0471334	1.741381095	-12.15287615	25.46667303	0.925629891	964.4736591	716.9580627	1.345230229
26.11115811	1.739906598	-12.18562576	25.53118925	0.925658787	964.639339	717.0736873	1.345244368
26.17518283	1.738432101	-12.21837536	25.59570546	0.925687684	964.385627	717.0192337	1.344992689
26.23920754	1.736957604	-12.25112497	25.66022168	0.925716581	964.5680166	717.1006002	1.345094421
26.30323226	1.735483106	-12.28387458	25.72473789	0.925745477	964.1729006	717.0599019	1.344619742
26.36725698	1.73351711	-12.31686993	25.78941794	0.925784006	964.3473774	717.1383028	1.344716038
26.43128169	1.732042613	-12.34961954	25.85393415	0.925812902	964.3068935	717.1758232	1.344589238
26.49530641	1.730568116	-12.38236915	25.91845037	0.925841799	964.3045951	717.276267	1.344397744
