eps1        epsv      eps3             epsq       Void ratio    q           p          eta = q/p  
[%]         [%]       [%]              [%]        [%]           [kPa]       [kPa]      [-]

0	0	0	0	0.86223629	3.12781	101.64407	0.03077
0.041154999	0.021560179	-0.00979741	0.033968273	0.861834789	17.07950	106.24390	0.16076
0.086257721	0.047338654	-0.019459533	0.070478169	0.861354733	27.10807	109.64785	0.24723
0.122675454	0.07264843	-0.025013512	0.098459311	0.860883405	35.42397	112.42920	0.31508
0.168765106	0.099364304	-0.034700401	0.135643671	0.860385892	43.29080	114.99071	0.37647
0.212091352	0.127486277	-0.042302538	0.169595927	0.859862195	51.72959	117.73219	0.43938
0.255318906	0.15513955	-0.050089678	0.203605722	0.859347225	59.41725	120.27467	0.49401
0.298743845	0.180449326	-0.05914726	0.23859407	0.858875898	66.16786	122.53523	0.53999
0.345820427	0.205759101	-0.070030663	0.27723406	0.85840457	72.50699	124.65839	0.58165
0.391614	0.229662778	-0.080975611	0.315059741	0.857959427	78.55702	126.65492	0.62024
0.432769	0.252160356	-0.090304322	0.348715547	0.857540469	84.10864	128.50530	0.65451
0.488629263	0.26950224	-0.109563512	0.398795183	0.857217522	89.38191	130.29348	0.68600
0.519322799	0.288718921	-0.115301939	0.423083159	0.856859662	93.21901	131.54176	0.70866
0.560773878	0.309341701	-0.125716088	0.457659978	0.856475617	98.06078	133.15601	0.73644
0.602027571	0.329027082	-0.136500244	0.492351877	0.856109029	102.84440	134.68962	0.76357
0.648808074	0.347775064	-0.150516505	0.532883052	0.855759897	107.36076	136.25584	0.78794
0.697167665	0.366523046	-0.16532231	0.574993317	0.855410765	111.73450	137.72403	0.81129
0.746415495	0.38292753	-0.181743982	0.618772985	0.855105275	115.83462	139.05012	0.83304
0.787965266	0.399332014	-0.194316626	0.654854595	0.854799785	119.85839	140.38110	0.85381
0.835337927	0.415736498	-0.209800715	0.696759095	0.854494294	123.80835	141.68755	0.87381
0.883204054	0.430266184	-0.226468935	0.739781993	0.854223717	127.49499	142.94694	0.89190
0.922681272	0.44479587	-0.238942701	0.774415982	0.85395314	131.15341	144.14602	0.90986
0.965711439	0.458388157	-0.253661641	0.812915387	0.85370002	134.59222	145.31269	0.92622
1.022756019	0.471511744	-0.275622137	0.865585437	0.853455628	137.89841	146.39452	0.94196
1.069733908	0.484635332	-0.292549288	0.908188797	0.853211235	141.22515	147.49331	0.95750
1.123324231	0.49682152	-0.313251355	0.957717058	0.8529843	144.38231	148.51511	0.97217
1.170696892	0.508070309	-0.331313292	1.001340123	0.852774821	147.47115	149.55509	0.98607
1.210568882	0.519319098	-0.345624892	1.037462516	0.852565342	150.40382	150.53248	0.99915
1.25685592	0.529630488	-0.363612716	1.080312424	0.852373319	153.21317	151.45898	1.01158
1.299491315	0.539473179	-0.380009068	1.119666922	0.852190025	156.18147	152.41782	1.02469
1.345383581	0.54837847	-0.398502555	1.162590757	0.852024187	158.86578	153.31251	1.03622
1.402132081	0.557752461	-0.42218981	1.216214594	0.851849622	161.47598	154.21301	1.04710
1.442201457	0.566657752	-0.437771852	1.25331554	0.851683784	164.10142	155.08799	1.05812
1.485330318	0.574625645	-0.455352336	1.293788436	0.851535403	166.61760	155.90665	1.06870
1.537144166	0.582124838	-0.477509664	1.343102553	0.85139575	169.18033	156.77125	1.07915
1.580963878	0.589155331	-0.495904273	1.384578767	0.851264826	171.62563	157.55552	1.08930
1.626263985	0.596654524	-0.514804731	1.427379144	0.851125173	173.95742	158.33278	1.09868
1.676301359	0.603216317	-0.536542521	1.475229253	0.851002977	176.22231	159.16907	1.10714
1.717456358	0.609309411	-0.554073473	1.514353221	0.850889509	178.45469	159.86262	1.11630
1.768480662	0.614933806	-0.576773428	1.563502727	0.85078477	180.69383	160.53795	1.12555
1.822367064	0.620089501	-0.601138782	1.615670564	0.850688759	182.75103	161.26423	1.13324
1.869443646	0.625245196	-0.622099225	1.661028581	0.850592747	184.87371	161.99202	1.14125
1.924810444	0.629932191	-0.647439126	1.714833047	0.850505465	186.98694	162.64585	1.14966
1.966853681	0.634150487	-0.666351597	1.755470185	0.85042691	189.01320	163.36198	1.15702
2.019358381	0.637431384	-0.690963498	1.806881253	0.850365812	191.03387	164.07615	1.16430
2.070481378	0.64118098	-0.714650199	1.856754384	0.850295985	192.89198	164.64495	1.17156
2.109169051	0.644461877	-0.732353587	1.894348425	0.850234887	194.71734	165.21278	1.17859
2.152988763	0.647274075	-0.752857344	1.937230738	0.850182518	196.73957	165.89689	1.18591
2.20055881	0.649617572	-0.775470619	1.984019619	0.850138876	198.49657	166.48256	1.19230
2.251484421	0.65196107	-0.799761675	2.034164064	0.850095235	200.44516	167.13184	1.19932
2.301719181	0.653835868	-0.823941656	2.083773891	0.850060322	202.09206	167.71108	1.20500
2.349881386	0.655241967	-0.84731971	2.131467397	0.850034137	203.79514	168.21824	1.21149
2.393503712	0.656648066	-0.868427823	2.174621023	0.850007952	205.60600	168.88279	1.21745
2.446205798	0.658054164	-0.894075817	2.22685441	0.849981767	207.13254	169.43218	1.22251
2.491308519	0.658054164	-0.916627177	2.271957131	0.849981767	208.86130	169.96789	1.22883
2.538878566	0.658991563	-0.939943501	2.319214712	0.84996431	210.43078	170.54163	1.23390
2.581908734	0.658991563	-0.961458585	2.362244879	0.84996431	212.01561	171.02920	1.23965
2.633426503	0.658522864	-0.98745182	2.413918882	0.849973039	213.57027	171.52744	1.24511
2.685141658	0.658054164	-1.013543747	2.46579027	0.849981767	215.13177	172.03774	1.25049
2.727480974	0.657585465	-1.034947755	2.508285819	0.849990495	216.63087	172.54764	1.25548
2.778406585	0.656179366	-1.061113609	2.55968013	0.85001668	218.08010	173.04099	1.26028
2.826174018	0.654304568	-1.085934725	2.608072496	0.850051593	219.41615	173.48618	1.26475
2.875125768	0.65242977	-1.111347999	2.657649179	0.850086506	220.91077	173.94328	1.27002
2.928814785	0.649617572	-1.139598606	2.712275594	0.850138876	222.26426	174.49624	1.27375
2.970759328	0.646805375	-1.161976977	2.755157537	0.850191246	223.78761	174.98420	1.27890
3.030962085	0.643993178	-1.193484454	2.816297693	0.850243616	225.05946	175.37764	1.28328
3.074189639	0.640712281	-1.216738679	2.860618879	0.850304714	226.40415	175.80556	1.28781
3.12284531	0.636493985	-1.243175662	2.910680648	0.850383268	227.74155	176.27167	1.29199
3.164592468	0.633213088	-1.26568969	2.953521438	0.850444366	228.97873	176.71465	1.29575
3.210682119	0.628994792	-1.290843663	3.001017188	0.850522921	230.35529	177.17326	1.30017
3.259633869	0.623839097	-1.317897386	3.051687503	0.850618932	231.64925	177.63517	1.30407
3.308092154	0.620089501	-1.344001327	3.101395654	0.850688759	232.76617	177.96685	1.30792
3.359807309	0.615871205	-1.371968052	3.154516908	0.850767313	234.00766	178.37032	1.31192
3.402245318	0.611184209	-1.395530554	3.198517249	0.850854596	235.10727	178.78784	1.31501
3.441031685	0.606965914	-1.417032886	3.238709714	0.850933151	236.36849	179.17758	1.31919
3.48948997	0.602278918	-1.443605526	3.28873033	0.851020434	237.49582	179.51306	1.32300
3.540119501	0.598060622	-1.47102944	3.340765961	0.851098988	238.59061	179.87799	1.32640
3.588479093	0.592904927	-1.497787083	3.390844117	0.851195	239.78607	180.32729	1.32973
3.632693577	0.588217932	-1.522237823	3.436620933	0.851282283	240.77642	180.63702	1.33293
3.680362317	0.583530936	-1.548415691	3.485852005	0.851369566	242.05266	181.09302	1.33662
3.728721909	0.578843941	-1.574938984	3.535773929	0.851456848	243.05700	181.40724	1.33984
3.772936393	0.573219546	-1.599858423	3.581863211	0.851561588	244.05041	181.67793	1.34331
3.823763311	0.567595152	-1.62808408	3.634564927	0.851666327	245.24051	182.13541	1.34647
3.869556883	0.562908156	-1.653324364	3.681920831	0.85175361	246.09563	182.37998	1.34936
3.915547842	0.557283762	-1.67913204	3.729786588	0.85185835	247.26857	182.78116	1.35281
3.959170168	0.551190667	-1.70398975	3.775439945	0.851971818	248.22181	183.11849	1.35553
4.005457205	0.544628874	-1.730414166	3.823914248	0.852094014	249.23727	183.43675	1.35871
4.050559927	0.53806708	-1.756246423	3.871204233	0.85221621	250.24566	183.78332	1.36163
4.100005142	0.531973986	-1.784015578	3.92268048	0.852329678	251.22481	184.15016	1.36424
4.156654949	0.526349591	-1.815152679	3.981205086	0.852434417	252.01562	184.38334	1.36680
4.203632839	0.518850399	-1.84239122	4.030682706	0.85257407	253.00408	184.72278	1.36964
4.252485896	0.512288605	-1.870098645	4.081723027	0.852696266	253.89080	185.03899	1.37209
4.291469648	0.505258112	-1.893105768	4.123050277	0.85282719	254.90818	185.33757	1.37537
4.336868448	0.497758919	-1.919554765	4.170948809	0.852966843	255.79053	185.66211	1.37772
4.38424111	0.491197125	-1.946521992	4.220508735	0.853089039	256.62448	185.95037	1.38007
4.430429455	0.483697933	-1.973365761	4.26919681	0.853228692	257.56468	186.22323	1.38310
4.480664214	0.476667439	-2.001998387	4.321775068	0.853359616	258.34307	186.46238	1.38550
4.528530341	0.468699547	-2.029915397	4.372297158	0.853507997	259.32838	186.83144	1.38803
4.573830448	0.461200354	-2.056315047	4.420096997	0.85364765	260.01918	187.10217	1.38972
4.626433841	0.453232462	-2.086600689	4.475356353	0.853796031	260.79423	187.33009	1.39216
4.681011094	0.445733269	-2.117638912	4.532433338	0.853935684	261.66132	187.61913	1.39464
4.724830806	0.437765377	-2.143532714	4.578909014	0.854084065	262.40507	187.85709	1.39683
4.776348575	0.429328785	-2.173509895	4.63323898	0.854241174	263.24919	188.15869	1.39908
4.819378742	0.421829592	-2.198774575	4.678768878	0.854380827	264.07392	188.41337	1.40157
4.864777543	0.413393001	-2.225692271	4.726979876	0.854537936	264.72954	188.65230	1.40327
4.920933885	0.405425108	-2.257754388	4.785792182	0.854686317	265.57622	188.96504	1.40543
4.964457518	0.396988516	-2.283734501	4.832128012	0.854843426	266.26160	189.17303	1.40750
5.015679208	0.387614525	-2.314032341	4.886474366	0.855017992	267.09833	189.49247	1.40955
5.066210046	0.378709234	-2.343750406	4.939973635	0.85518383	267.81364	189.69013	1.41185
5.106575501	0.370272642	-2.36815143	4.983151287	0.855340939	268.52269	189.99785	1.41329
5.155823331	0.361367351	-2.39722799	5.035367547	0.855506776	269.28365	190.21088	1.41571
5.206946328	0.352462059	-2.427242134	5.089458974	0.855672614	269.90621	190.41848	1.41744
5.256095464	0.343088069	-2.456503698	5.141732774	0.85584718	270.63767	190.68294	1.41931
5.309093628	0.334182777	-2.487455426	5.197699369	0.856013017	271.27045	190.88350	1.42113
5.353012033	0.325746185	-2.513632924	5.244429971	0.856170127	271.92957	191.14392	1.42264
5.40541804	0.315434795	-2.544991622	5.300273108	0.856362149	272.74254	191.38432	1.42510
5.454271097	0.306529504	-2.573870796	5.352094595	0.856527987	273.27019	191.55017	1.42662
5.496906492	0.297155513	-2.59987549	5.397854654	0.856702553	273.96277	191.82165	1.42822
5.551088973	0.287312822	-2.631888075	5.455318032	0.856885847	274.65464	191.98114	1.43063
5.604185831	0.277938831	-2.6631235	5.511539554	0.857060413	275.14848	192.16591	1.43183
5.645340831	0.267627441	-2.688856695	5.556131683	0.857252435	275.86626	192.40508	1.43378
5.691529175	0.257784751	-2.716872212	5.605600925	0.857435729	276.48223	192.61081	1.43545
5.734065878	0.24841076	-2.742827559	5.651262291	0.857610295	277.06566	192.77462	1.43725
5.778379054	0.23809937	-2.770139842	5.699012598	0.857802318	277.71908	193.02301	1.43879
5.826738646	0.228256679	-2.799240983	5.750653086	0.857985612	278.18637	193.16890	1.44012
5.868880576	0.217945289	-2.825467643	5.796232146	0.858177634	278.87066	193.41723	1.44181
5.915167614	0.208102599	-2.853532507	5.845800081	0.858360928	279.35997	193.61076	1.44289
5.974284747	0.197322509	-2.888481119	5.908510578	0.858561679	280.00811	193.83692	1.44456
6.02363127	0.18607372	-2.918778775	5.961606696	0.858771158	280.46523	193.99957	1.44570
6.070017001	0.17623103	-2.946892985	6.011273324	0.858954452	281.03881	194.18025	1.44731
6.118277899	0.164513541	-2.976882179	6.063440052	0.85917266	281.62673	194.40673	1.44865
6.165354481	0.154202151	-3.005576165	6.113953764	0.859364682	282.20387	194.55889	1.45048
6.216674864	0.143890761	-3.036392052	6.168711277	0.859556704	282.55890	194.66696	1.45150
6.263751447	0.132641972	-3.065554737	6.219537456	0.859766183	283.10570	194.85950	1.45287
6.308360703	0.121861882	-3.09324941	6.267740075	0.859966934	283.66913	195.05726	1.45429
6.356818987	0.110613093	-3.123102947	6.319947956	0.860176413	284.31410	195.28221	1.45591
6.406362896	0.099364304	-3.153499296	6.373241461	0.860385892	284.69484	195.38897	1.45707
6.453340785	0.089521614	-3.181909586	6.423500247	0.860569186	285.17332	195.51820	1.45855
6.503082079	0.077804125	-3.212638977	6.477147371	0.860787394	285.70648	195.69608	1.45995
6.549862582	0.066555336	-3.241653623	6.52767747	0.860996873	286.01567	195.82957	1.46053
6.596248313	0.054837847	-3.270705233	6.577969031	0.86121508	286.56616	196.06381	1.46160
6.650332101	0.042651659	-3.303840221	6.636114882	0.861442016	287.14260	196.26615	1.46303
6.698790386	0.032340269	-3.333225059	6.688010297	0.861634038	287.40413	196.31254	1.46401
6.741327088	0.020154081	-3.360586504	6.734609061	0.861860974	287.97994	196.53507	1.46529
6.792746164	0.007499193	-3.392623486	6.790246433	0.862096638	288.30195	196.63237	1.46620
6.843671775	-0.003749596	-3.423710686	6.844921641	0.862306117	288.87873	196.85481	1.46747
6.893709149	-0.015935785	-3.454822467	6.899021077	0.862533052	289.26518	196.96356	1.46862
6.941673968	-0.027653273	-3.484663621	6.950891726	0.86275126	289.66734	197.10773	1.46959
6.990625718	-0.040308161	-3.51546694	7.004061772	0.862986924	290.14898	197.28883	1.47068
7.03217549	-0.052494349	-3.54233492	7.049673606	0.863213859	290.51680	197.42147	1.47156
7.083199794	-0.064211838	-3.573705816	7.10460374	0.863432067	290.91588	197.52415	1.47281
7.12879598	-0.077335425	-3.603065703	7.154574456	0.863676459	291.26707	197.66161	1.47356
7.180412443	-0.088584214	-3.634498329	7.209940514	0.863885938	291.64708	197.79839	1.47447
7.225120392	-0.100770403	-3.662945397	7.258710526	0.864112873	292.11395	197.94366	1.47574
7.276736854	-0.11342529	-3.695081072	7.314545284	0.864348537	292.40274	198.03992	1.47648
7.328057237	-0.12467408	-3.726365658	7.369615264	0.864558016	292.80723	198.14432	1.47775
7.375725977	-0.137797667	-3.756761822	7.421658533	0.864802409	293.24271	198.35082	1.47840
7.424677727	-0.149046456	-3.786862092	7.474359879	0.865011888	293.56772	198.45900	1.47924
7.470767379	-0.160763945	-3.815765662	7.524355361	0.865230095	294.00235	198.52279	1.48095
7.516264873	-0.172481433	-3.844373153	7.573758684	0.865448302	294.24178	198.64346	1.48126
7.561466287	-0.185605021	-3.873535654	7.623334627	0.865692694	294.63114	198.81363	1.48195
7.60725986	-0.197791209	-3.902525534	7.673190262	0.86591963	294.92690	198.91222	1.48270
7.65137565	-0.210914796	-3.931145223	7.721680582	0.866164022	295.23324	199.03473	1.48333
7.697761381	-0.223100984	-3.960431183	7.772128376	0.866390958	295.69636	199.18918	1.48450
7.746515745	-0.235755872	-3.991135809	7.825101036	0.866626622	295.96248	199.27780	1.48518
7.799119138	-0.24887946	-4.023999299	7.882078958	0.866871014	296.11223	199.32764	1.48556
7.851525144	-0.262003047	-4.056764096	7.938859493	0.867115406	296.53415	199.41778	1.48700
7.900180815	-0.274189235	-4.087185025	7.991577227	0.867342342	296.68981	199.45939	1.48747
7.944395299	-0.288718921	-4.11655711	8.040634939	0.867612919	297.14106	199.67075	1.48816
7.990978416	-0.29996771	-4.145473063	8.090967653	0.867822398	297.31369	199.71785	1.48867
8.03746284	-0.312622598	-4.175042719	8.141670373	0.868058062	297.70251	199.89827	1.48927
8.083157719	-0.325746185	-4.204451952	8.191739781	0.868302454	297.93930	199.97753	1.48986
8.138031052	-0.338869773	-4.238450412	8.250987643	0.868546846	298.13735	199.97193	1.49090
8.184614169	-0.35199336	-4.268303764	8.301945289	0.868791238	298.47179	200.12468	1.49143
8.227644336	-0.364179548	-4.295911942	8.349037519	0.869018174	298.71849	200.25765	1.49167
8.274720919	-0.377771835	-4.326246377	8.400644864	0.869271295	298.95581	200.32664	1.49234
8.32436352	-0.391832821	-4.358098171	8.45497446	0.869533143	299.30953	200.44447	1.49323
8.374006121	-0.40401901	-4.389012565	8.508679124	0.869760079	299.45716	200.47337	1.49375
8.422168327	-0.417142597	-4.419655462	8.561215859	0.870004471	299.89318	200.67915	1.49439
8.466974969	-0.430266184	-4.448620577	8.61039703	0.870248863	300.12871	200.70733	1.49535
8.522341767	-0.44479587	-4.483568819	8.670607057	0.87051944	300.35016	200.86231	1.49530
8.567049716	-0.45557596	-4.511312838	8.718908369	0.870720191	300.80245	200.96258	1.49681
8.617777941	-0.469168247	-4.543473094	8.774167356	0.870973312	300.85564	200.99075	1.49686
8.669394403	-0.481823134	-4.575608769	8.830002114	0.871208976	301.18579	201.10072	1.49769
8.714398431	-0.494946722	-4.604672576	8.879380672	0.871453368	301.46009	201.18196	1.49844
8.765422735	-0.508070309	-4.636746522	8.934779505	0.87169776	301.56285	201.24680	1.49847
8.812104545	-0.521193896	-4.666649221	8.985835844	0.871942152	301.88094	201.38325	1.49904
8.862240612	-0.533848784	-4.698044698	9.040190206	0.872177816	302.03748	201.41528	1.49958
8.915830935	-0.546503672	-4.731167303	9.097998825	0.87241348	302.34967	201.52922	1.50028
8.96655916	-0.560095959	-4.763327559	9.153257812	0.872666601	302.58414	201.60737	1.50086
9.006332456	-0.573219546	-4.789776001	9.197405638	0.872910993	302.76388	201.71819	1.50093
9.062587492	-0.586811833	-4.824699662	9.258191436	0.873164113	303.02074	201.79369	1.50164
9.10176863	-0.599466721	-4.850617676	9.301590871	0.873399777	303.14454	201.83520	1.50194
9.143614481	-0.613527707	-4.878571094	9.348123717	0.873661626	303.49711	201.91202	1.50312
9.191480608	-0.627119994	-4.909300301	9.400520606	0.873914746	303.63006	202.03758	1.50284
9.245860475	-0.640712281	-4.943286378	9.459431235	0.874167867	303.79920	202.08369	1.50333
9.291160582	-0.653367169	-4.972263876	9.508949639	0.874403531	304.05110	202.13731	1.50418
9.339520174	-0.667428155	-5.003474165	9.561996226	0.87466538	304.24632	202.25255	1.50429
9.386794142	-0.681020442	-5.033907292	9.613800956	0.8749185	304.47110	202.30774	1.50499
9.438015832	-0.695081428	-5.06654863	9.669709642	0.875180349	304.68900	202.32963	1.50590
9.491606156	-0.709142415	-5.100374285	9.72798696	0.875442198	304.72383	202.39165	1.50561
9.537597114	-0.723672101	-5.130634607	9.778821148	0.875712775	305.00678	202.51680	1.50608
9.583686766	-0.736795688	-5.160241227	9.829285329	0.875957167	304.95278	202.42783	1.50648
9.633625446	-0.750387975	-5.192006711	9.883754771	0.876210288	305.30727	202.58654	1.50705
9.679912484	-0.764448961	-5.222180723	9.934728805	0.876472136	305.49790	202.69079	1.50721
9.724225661	-0.778509948	-5.251367804	9.983728977	0.876733985	305.56222	202.67176	1.50767
9.766762363	-0.793039634	-5.279900998	10.03110891	0.877004562	305.82956	202.75076	1.50840
9.813542866	-0.806631921	-5.310087393	10.08242017	0.877257683	305.86972	202.74400	1.50865
9.86683711	-0.820224207	-5.343530659	10.14024518	0.877510803	306.01154	202.84201	1.50862
9.918650959	-0.834285194	-5.376468076	10.19674602	0.877772652	306.21432	202.97046	1.50866
9.963062828	-0.847408781	-5.405235805	10.24553242	0.878017044	306.29599	202.96717	1.50909
10.01645577	-0.861938467	-5.439197116	10.30376859	0.878287621	306.49928	203.01462	1.50974
10.06491405	-0.875999454	-5.470456752	10.35691387	0.87854947	306.57185	203.10986	1.50939
10.109622	-0.88959174	-5.49960687	10.40615258	0.878802591	306.71599	203.13776	1.50989
10.16676527	-0.903652727	-5.535208999	10.46798285	0.879064439	306.84056	203.21003	1.50997
10.21226277	-0.916776314	-5.56451954	10.51785487	0.879308832	306.95794	203.23896	1.51033
10.25460208	-0.931306	-5.592954041	10.56503741	0.879579409	307.21306	203.32401	1.51095
10.29990219	-0.944429587	-5.622165888	10.61471205	0.879823801	307.30569	203.35496	1.51118
10.34836047	-0.958021874	-5.653191174	10.6677011	0.880076921	307.41860	203.39236	1.51146
10.40431943	-0.972082861	-5.688201145	10.72834705	0.88033877	307.47114	203.44038	1.51136
10.45366595	-0.985206448	-5.7194362	10.7820681	0.880583162	307.55707	203.52008	1.51119
10.50045632	-1.000204834	-5.750330579	10.83385794	0.880862468	307.78504	203.55569	1.51204
10.55053318	-1.01379712	-5.782165148	10.88846555	0.881115588	307.91539	203.59890	1.51236
10.5961491	-1.027858107	-5.812003604	10.93876847	0.881377437	307.93649	203.60618	1.51241
10.64188346	-1.040981694	-5.841432576	10.98887735	0.881621829	308.16428	203.72248	1.51267
10.68609794	-1.055042681	-5.870570311	11.03777883	0.881883678	308.20597	203.73670	1.51277
10.73341139	-1.069572367	-5.901491876	11.08993551	0.882154255	308.54566	203.85997	1.51352
10.77742848	-1.083633353	-5.930530919	11.1386396	0.882416104	308.58734	203.87402	1.51362
10.83356509	-1.097694339	-5.965629714	11.1994632	0.882677953	308.65208	203.89560	1.51378
10.88067128	-1.110817927	-5.995744602	11.25094392	0.882922345	308.86469	203.94624	1.51444
10.92745178	-1.124410214	-6.025930997	11.30225519	0.883175465	308.88100	203.98203	1.51426
10.98397329	-1.1380025	-6.060987894	11.36330745	0.883428586	309.04235	204.03557	1.51465
11.02723045	-1.151126088	-6.089178268	11.41093914	0.883672978	309.28322	204.11505	1.51524
11.0779192	-1.164718375	-6.121318785	11.46615865	0.883926099	309.20367	204.05859	1.51527
11.12252845	-1.178310662	-6.150419557	11.51529867	0.884179219	309.42134	204.14183	1.51572
11.16504542	-1.193309047	-6.179177231	11.5628151	0.884458525	309.46291	204.18619	1.51559
11.21137193	-1.206901334	-6.209136632	11.61367238	0.884711645	309.65754	204.27146	1.51591
11.26226793	-1.220493621	-6.241380777	11.66909914	0.884964766	309.76277	204.35703	1.51579
11.30948269	-1.235023307	-6.272252996	11.72115712	0.885235343	309.85329	204.36689	1.51616
11.34924611	-1.248146894	-6.298696504	11.76529508	0.885479735	310.08719	204.42479	1.51688
11.40610318	-1.261739181	-6.333921179	11.8266829	0.885732855	310.04090	204.46002	1.51639
11.45525231	-1.275800167	-6.36552624	11.88051904	0.885994704	310.15737	204.49876	1.51667
11.51404376	-1.289861154	-6.401952456	11.94399748	0.886256553	310.25580	204.53157	1.51691
11.55713314	-1.302984741	-6.430058942	11.99146139	0.886500945	310.35520	204.58493	1.51700
11.60303528	-1.317514427	-6.460274852	12.04220675	0.886771522	310.52080	204.63010	1.51747
11.64918414	-1.331106714	-6.490145429	12.09288638	0.887024643	310.51057	204.65736	1.51722
11.70223166	-1.344699001	-6.523465328	12.15046466	0.887277763	310.68538	204.72582	1.51757
11.75785506	-1.358759987	-6.558307522	12.21077505	0.887539612	310.69617	204.72959	1.51759
11.80833655	-1.372820974	-6.590578761	12.26594354	0.887801461	310.78109	204.77812	1.51765
11.85183057	-1.385944561	-6.618887567	12.31381209	0.888045853	310.98159	204.82456	1.51828
11.89267962	-1.399068148	-6.645873886	12.35903567	0.888290245	310.95796	204.80681	1.51830
11.94829315	-1.413597834	-6.680945494	12.41949243	0.888560822	311.05439	204.87950	1.51823
11.99500457	-1.427190121	-6.711097347	12.47073461	0.888813943	311.13658	204.87655	1.51865
12.04094618	-1.440313708	-6.740629946	12.52105075	0.889058335	311.11836	204.87048	1.51861
12.08365066	-1.454374695	-6.76901268	12.56844223	0.889320184	311.30086	204.97193	1.51875
12.13232607	-1.467966982	-6.800146528	12.6216484	0.889573304	311.35110	205.02906	1.51857
12.17801108	-1.482027968	-6.830019526	12.67202041	0.889835153	311.42621	205.03411	1.51890
12.23524318	-1.495151555	-6.865197368	12.73362703	0.890079545	311.47890	204.96055	1.51970
12.27868786	-1.508275143	-6.893481501	12.78144624	0.890323937	311.49225	205.00547	1.51943
12.32839955	-1.52186743	-6.925133488	12.83568869	0.890577058	311.64142	205.07550	1.51964
12.37900934	-1.534991017	-6.957000178	12.89067301	0.89082145	311.72452	205.12359	1.51969
12.42855325	-1.548583304	-6.988568275	12.94474768	0.891074571	311.72986	205.11517	1.51978
12.47752474	-1.56264429	-7.020084513	12.99840617	0.891336419	311.91884	205.16813	1.52031
12.5225485	-1.575767877	-7.04915819	13.04780446	0.891580812	311.94907	205.18808	1.52031
12.56882567	-1.589360164	-7.079092918	13.09861239	0.891833932	312.10048	205.26906	1.52045
12.6170767	-1.603421151	-7.110248926	13.15155042	0.892095781	311.97256	205.24706	1.51999
12.66310714	-1.616544738	-7.139825937	13.20195538	0.892340173	312.00641	205.20760	1.52044
12.70909809	-1.631074424	-7.170086259	13.25278957	0.89261075	312.13907	205.23151	1.52091
12.75666814	-1.644198011	-7.200433077	13.30473415	0.892855142	312.07157	205.27989	1.52022
12.80848199	-1.657321599	-7.232901795	13.36092252	0.893099535	312.34567	205.38138	1.52081
12.86335532	-1.671382585	-7.267368954	13.42048285	0.893361383	312.26445	205.29345	1.52106
12.91023452	-1.684037473	-7.297135996	13.47158034	0.893597047	312.29523	205.35437	1.52076
12.95148821	-1.69762976	-7.324558986	13.5173648	0.893850168	312.42221	205.39686	1.52107
12.9999465	-1.711222047	-7.355584272	13.57035385	0.894103288	312.45178	205.44733	1.52084
13.05689238	-1.724814333	-7.390853358	13.63183049	0.894356409	312.52170	205.49120	1.52085
13.10396897	-1.737469221	-7.420719093	13.68312537	0.894592073	312.64538	205.61383	1.52055
13.14719652	-1.751061508	-7.449129013	13.73088369	0.894845193	312.57441	205.51888	1.52090
13.191411	-1.764185095	-7.477798049	13.7794727	0.895089585	312.72210	205.56852	1.52125
13.23977059	-1.778246082	-7.509008338	13.83251929	0.895351434	312.68602	205.55673	1.52117
13.28961058	-1.791369669	-7.540490125	13.8867338	0.895595826	312.85212	205.63241	1.52141
13.34645778	-1.804961956	-7.575709866	13.94811176	0.895848947	312.76270	205.61272	1.52113
13.38771147	-1.817616844	-7.602664156	13.99358375	0.896084611	312.78735	205.59051	1.52141
13.43814361	-1.830271732	-7.634207673	14.04823419	0.896320275	312.86510	205.63682	1.52144
13.48265418	-1.844332718	-7.663493447	14.09743175	0.896582124	312.90459	205.68033	1.52132
13.53190201	-1.857456305	-7.694679155	14.15105411	0.896826516	313.00021	205.67125	1.52185
13.59190738	-1.871048592	-7.731477984	14.21559024	0.897079636	312.96875	205.67145	1.52169
13.63868788	-1.88370348	-7.76119568	14.26658904	0.8973153	313.02698	205.70073	1.52176
13.68586315	-1.897295767	-7.791579461	14.31829508	0.897568421	313.00226	205.69201	1.52170
13.73175542	-1.909950655	-7.820853038	14.36840564	0.897804085	312.90659	205.66012	1.52147
13.77557513	-1.923542941	-7.849559037	14.41675611	0.898057205	313.16753	205.72727	1.52225
13.819987	-1.936666529	-7.878326765	14.46554251	0.898301597	313.17702	205.77098	1.52197
13.86854398	-1.949790116	-7.909167048	14.51847402	0.89854599	313.15560	205.77346	1.52185
13.9193709	-1.962913703	-7.941142301	14.57367547	0.898790382	313.16475	205.74633	1.52209
13.97000043	-1.975568591	-7.97278451	14.62852329	0.899026046	313.16016	205.79594	1.52170
14.01520184	-1.988692178	-8.001947011	14.67809924	0.899270438	313.20484	205.77038	1.52211
14.05941633	-2.001815766	-8.030616047	14.72668825	0.89951483	313.22947	205.79890	1.52202
14.10738115	-2.015408053	-8.0613946	14.77918383	0.899767951	313.15310	205.82409	1.52146
14.15593813	-2.02806294	-8.092000533	14.83195911	0.900003614	313.32629	205.87155	1.52195
14.21031799	-2.041186528	-8.12575226	14.8907135	0.900248007	313.21971	205.86661	1.52147
14.25897366	-2.053372716	-8.15617319	14.94343124	0.900474942	313.22224	205.86753	1.52147
14.30861626	-2.066965003	-8.187790634	14.9976046	0.900728063	313.21660	205.86573	1.52146
14.35875233	-2.08008859	-8.219420461	15.05211519	0.900972455	313.22586	205.86898	1.52148
14.40336159	-2.093212178	-8.248286882	15.10109898	0.901216847	313.40238	205.89724	1.52213
14.45073425	-2.105867065	-8.278300657	15.15268994	0.901452511	313.25985	205.84002	1.52186
14.49899515	-2.118521953	-8.30875855	15.20516913	0.901688175	313.25339	205.84790	1.52177
14.54873644	-2.131176841	-8.339956641	15.25912872	0.901923839	313.40376	205.93864	1.52183
14.60232676	-2.144769128	-8.373547946	15.31724981	0.902176959	313.28151	205.88761	1.52161
14.64693602	-2.156955316	-8.401945668	15.36592113	0.902403895	313.45139	205.93364	1.52210
14.69045965	-2.169610204	-8.430034929	15.41366305	0.902639559	313.32996	205.89325	1.52181
14.72796301	-2.181796392	-8.454879701	15.45522847	0.902866495	313.45585	205.98619	1.52173
14.7834285	-2.194919979	-8.48917424	15.51506849	0.903110887	313.47392	205.99229	1.52178
14.83869661	-2.207106167	-8.522901387	15.57439866	0.903337822	313.29491	205.95301	1.52120
14.8841941	-2.220229755	-8.552211927	15.62427068	0.903582215	313.58016	206.05829	1.52180
14.9380805	-2.233353342	-8.585716922	15.68253162	0.903826607	313.39527	206.00653	1.52129
14.9878218	-2.245070831	-8.616446313	15.73617874	0.904044814	313.36834	205.96770	1.52144
15.03509576	-2.258194418	-8.646645091	15.78782724	0.904289206	313.44587	205.99338	1.52163
15.0813828	-2.270380606	-8.675881704	15.83817634	0.904516142	313.42208	206.00576	1.52142
15.12234042	-2.283504194	-8.702922305	15.88350848	0.904760534	313.55303	206.05953	1.52166
15.17474642	-2.295690382	-8.735218402	15.93997655	0.90498747	313.49081	206.04890	1.52144
15.22429033	-2.308813969	-8.76655215	15.99389499	0.905231862	313.48208	206.03564	1.52149
15.26889959	-2.321468857	-8.795184222	16.04272254	0.905467526	313.52343	206.04958	1.52159
15.3183448	-2.334123745	-8.826234273	16.09638605	0.90570319	313.39356	206.06722	1.52083
15.36325014	-2.346778633	-8.855014385	16.14550968	0.905938854	313.57102	206.06553	1.52171
15.42177511	-2.35943352	-8.890604316	16.20825295	0.906174518	313.39187	206.02596	1.52113
15.46046279	-2.371619709	-8.916041247	16.25100269	0.906401453	313.37924	206.08276	1.52065
15.50556551	-2.383805897	-8.944685702	16.30016747	0.906628389	313.49531	206.09119	1.52115
15.55343163	-2.396460785	-8.974946209	16.35225189	0.906864053	313.44678	206.07525	1.52103
15.60188992	-2.408646973	-9.005268445	16.40477224	0.907090988	313.38207	206.07432	1.52072
15.65222337	-2.421301861	-9.036762616	16.45932399	0.907326652	313.41542	206.11562	1.52058
15.71005749	-2.433019349	-9.071538422	16.52106394	0.90754486	313.23318	206.01466	1.52044
15.7511138	-2.445674237	-9.098394019	16.56633855	0.907780524	313.42220	206.11804	1.52060
15.80559236	-2.457391726	-9.131492044	16.62472294	0.907998731	313.18371	205.99808	1.52032
15.84724083	-2.470046613	-9.15864372	16.6705897	0.908234395	313.26354	206.06531	1.52021
15.89352786	-2.482232802	-9.187880333	16.7209388	0.90846133	313.28928	206.06378	1.52035
15.9411966	-2.49395029	-9.217573447	16.77251337	0.908679538	313.20486	206.02536	1.52022
15.99606994	-2.507073878	-9.251571907	16.83176123	0.90892393	313.29379	206.08551	1.52021
16.04452822	-2.519728765	-9.282128494	16.88443781	0.909159594	313.20316	206.06542	1.51992
16.09032179	-2.530977555	-9.310649675	16.93398098	0.909369073	313.20989	206.11799	1.51957
16.13354935	-2.543163743	-9.338356545	16.9812706	0.909596009	313.19285	206.09233	1.51967
16.17924423	-2.555818631	-9.367531429	17.03118377	0.909831672	313.18766	206.09060	1.51966
16.22395218	-2.56706742	-9.395509798	17.07964132	0.910041151	313.28088	206.14214	1.51973
16.27398955	-2.578784908	-9.426387229	17.13358452	0.910259359	313.23915	206.13851	1.51956
16.32195437	-2.590502397	-9.456228383	17.18545517	0.910477566	313.22761	206.10416	1.51975
16.37455776	-2.603157285	-9.488857524	17.24227686	0.91071323	313.13531	206.11360	1.51924
16.42341082	-2.614406074	-9.518908447	17.29487951	0.910922709	313.08378	206.09570	1.51912
16.47019132	-2.626592262	-9.548391792	17.34572208	0.911149645	313.14988	206.12858	1.51920
16.52378165	-2.637841051	-9.580811348	17.403062	0.911359124	312.93723	206.07793	1.51854
16.57470726	-2.64955854	-9.612132898	17.45789344	0.911577331	313.07139	206.11293	1.51893
16.6237577	-2.662213428	-9.642985564	17.51116218	0.911812995	313.03651	206.12097	1.51870
16.67655848	-2.673462217	-9.675010348	17.56771255	0.912022474	312.92408	206.00249	1.51903
16.71919387	-2.685648405	-9.702421139	17.61441001	0.91224941	312.98935	206.00426	1.51933
16.76775085	-2.697365894	-9.732558372	17.66687282	0.912467617	312.98853	206.01427	1.51926
16.8224268	-2.709083382	-9.76575509	17.72545459	0.912685824	312.91200	206.00964	1.51892
16.87039162	-2.721269571	-9.795830594	17.77748147	0.91291276	312.94143	206.02940	1.51892
16.91332309	-2.73251836	-9.822920726	17.82416254	0.913122239	312.73809	205.85990	1.51918
16.95477417	-2.743767149	-9.84927066	17.86936322	0.913331718	312.82441	205.94977	1.51894
17.00599586	-2.755484638	-9.880740249	17.92449074	0.913549925	312.73773	205.96118	1.51843
17.05642801	-2.767202126	-9.911815066	17.97882871	0.913768133	312.58670	205.93146	1.51792
17.09689215	-2.778919615	-9.937905885	18.02319869	0.91398634	312.65966	205.98613	1.51787
17.14288311	-2.790168404	-9.966525758	18.07293925	0.914195819	312.51165	205.89617	1.51781
17.19321657	-2.801885893	-9.997551229	18.12717853	0.914414026	312.60653	205.98865	1.51759
17.25391279	-2.813603381	-10.03375808	18.19178058	0.914632234	312.41622	205.90523	1.51728
17.30286454	-2.82578957	-10.06432705	18.24479439	0.914859169	312.40264	205.90062	1.51725
17.34253914	-2.836569659	-10.0895544	18.28806236	0.91505992	312.43560	205.91160	1.51733
17.39168828	-2.847349749	-10.11951901	18.34080486	0.915260671	312.39536	205.97944	1.51663
17.44073872	-2.858129838	-10.14943428	18.39344867	0.915461421	312.38499	205.93536	1.51691
17.48465713	-2.869378628	-10.17701788	18.44111667	0.9156709	312.32561	205.97634	1.51632
17.53202979	-2.881096116	-10.20656295	18.49239516	0.915889108	312.20712	205.85584	1.51663
17.58354756	-2.892813605	-10.23818058	18.54781876	0.916107315	312.22100	205.90125	1.51636
17.62874897	-2.903593695	-10.26617133	18.59661354	0.916308066	312.07629	205.81247	1.51631
17.68549747	-2.913905085	-10.29970128	18.65679917	0.916500088	312.06674	205.82968	1.51614
17.72754071	-2.925153874	-10.32634729	18.702592	0.916709567	312.03589	205.82943	1.51599
17.77520945	-2.936871362	-10.35604041	18.75416657	0.916927775	311.89347	205.80227	1.51550
17.82347035	-2.947182752	-10.38532655	18.8058646	0.917119797	311.96708	205.77647	1.51605
17.87686328	-2.958431542	-10.41764741	18.86300713	0.917329276	311.78934	205.77808	1.51517
17.92532157	-2.969680331	-10.44750095	18.91521501	0.917538755	311.82194	205.79906	1.51518
17.96963475	-2.98046042	-10.47504758	18.96312155	0.917739506	311.74619	205.79412	1.51484
18.01592178	-2.991709209	-10.5038155	19.01315819	0.917948985	311.67612	205.79124	1.51453
18.06132058	-3.002489299	-10.53190494	19.06215035	0.918149736	311.82405	205.85074	1.51481
18.1192534	-3.013269389	-10.56626139	19.12367653	0.918350486	311.60038	205.75571	1.51442
18.16514567	-3.024049478	-10.59459757	19.17316216	0.918551237	311.51803	205.68780	1.51452
18.20768237	-3.034829568	-10.62125597	19.21929222	0.918751988	311.52908	205.71188	1.51440
18.25179816	-3.045609657	-10.64870391	19.26700138	0.918952739	311.41652	205.66416	1.51420
18.30242769	-3.056858446	-10.67964307	19.32138051	0.919162218	311.38762	205.65477	1.51413
18.35078728	-3.066701137	-10.70874421	19.373021	0.919345512	311.25417	205.62040	1.51373
18.39894949	-3.077949926	-10.73844971	19.4249328	0.919554991	311.35143	205.67281	1.51382
18.45569799	-3.088261316	-10.77197965	19.48511843	0.919747013	311.17693	205.64523	1.51317
18.49932031	-3.099510105	-10.79941521	19.53249035	0.919956492	311.12274	205.57643	1.51342
18.54402826	-3.110758894	-10.82739358	19.5809479	0.920165971	311.15193	205.59652	1.51341
18.59475649	-3.120132885	-10.85744469	19.63480078	0.920340537	310.96639	205.54471	1.51289
18.64469517	-3.130912975	-10.88780407	19.68833283	0.920541288	311.02036	205.63391	1.51250
18.69167306	-3.141693064	-10.91668306	19.73890408	0.920742039	310.96137	205.61416	1.51235
18.74121697	-3.152004454	-10.94661071	19.79188512	0.920934061	310.93024	205.60379	1.51228
18.78513537	-3.162315845	-10.97372561	19.83924065	0.921126084	310.90586	205.58546	1.51229
18.83961393	-3.172627235	-11.00612058	19.89715634	0.921318106	310.69535	205.49506	1.51194
18.88925653	-3.183876024	-11.03656628	19.95054854	0.921527585	310.68228	205.46028	1.51213
18.93524749	-3.193718714	-11.0644831	19.9998204	0.921710879	310.67265	205.48750	1.51188
18.98577833	-3.204030104	-11.09490422	20.05378836	0.921902902	310.55686	205.42875	1.51175
19.02851242	-3.213872795	-11.12119261	20.09980335	0.922086196	310.55	205.46	1.51
19.07598377	-3.224184185	-11.15008398	20.15071183	0.922278218	310.34	205.38	1.51
19.12621853	-3.234495575	-11.18035705	20.20438372	0.922470241	310.44	205.41	1.51
19.17339381	-3.245275664	-11.20933474	20.25515236	0.922670992	310.41	205.40	1.51
19.22362857	-3.254649655	-11.23913911	20.30851179	0.922845557	310.23	205.35	1.51
19.26932345	-3.264961045	-11.26714225	20.3576438	0.92303758	310.31	205.39	1.51
19.31630134	-3.275272435	-11.29578689	20.40805881	0.923229602	310.19	205.37	1.51
19.36397008	-3.284646426	-11.32430825	20.45885222	0.923404168	310.19	205.38	1.51
19.41005973	-3.295895215	-11.35297747	20.50869147	0.923613647	310.10	205.38	1.51
19.45970233	-3.305269206	-11.38248577	20.56145873	0.923788213	309.99	205.28	1.51
19.50895016	-3.316049296	-11.41249973	20.61429992	0.923988964	310.02	205.32	1.51
19.55957969	-3.324954587	-11.44226714	20.66789789	0.924154801	309.76	205.25	1.51
19.60537326	-3.334797278	-11.47008527	20.71697236	0.924338095	309.73	205.25	1.51
19.6602466	-3.345108668	-11.50267763	20.77528282	0.924530118	309.75	205.30	1.51
19.70219114	-3.354951358	-11.52857125	20.82050826	0.924713412	309.59	205.22	1.51
19.75657101	-3.364794049	-11.56068253	20.87816902	0.924896706	309.51	205.16	1.51
19.80670707	-3.37416804	-11.59043756	20.93142975	0.925071272	309.31	205.12	1.51
19.85911308	-3.38447943	-11.62179625	20.98727289	0.925263295	309.32	205.19	1.51
19.90184717	-3.39432212	-11.64808464	21.03328787	0.925446589	309.38	205.20	1.51
19.94231132	-3.403696111	-11.67300371	21.07687669	0.925621155	309.27	205.22	1.51
19.99155915	-3.413538802	-11.70254897	21.12940541	0.925804449	309.30	205.17	1.51
20.04001743	-3.422444093	-11.73123076	21.18083213	0.925970286	309.10	205.13	1.51
20.08926526	-3.432286784	-11.76077602	21.23336085	0.92615358	309.10	205.15	1.51
20.13387452	-3.443066873	-11.78847069	21.28156347	0.926354331	309.00	205.08	1.51
20.18568836	-3.451972165	-11.81883026	21.33634575	0.926520169	308.84	205.01	1.51
20.23029762	-3.461814855	-11.84605624	21.3842359	0.926703463	309.00	205.05	1.51
20.27490688	-3.470720147	-11.87281351	21.43181359	0.9268693	308.64	204.94	1.51
20.31931875	-3.479625438	-11.89947209	21.47919389	0.927035138	308.55	204.94	1.51
20.37192214	-3.489468128	-11.93069513	21.53507818	0.927218432	308.48	204.96	1.51
20.41396538	-3.498842119	-11.95640375	21.58024608	0.927392998	308.46	204.90	1.51
20.46952956	-3.50868481	-11.98910718	21.63909116	0.927576292	308.45	204.92	1.51
20.52785715	-3.517121402	-12.02248928	21.70023095	0.927733401	308.23	204.91	1.50
20.58055923	-3.526964092	-12.05376166	21.75621393	0.927916696	308.15	204.88	1.50
20.62832667	-3.537275482	-12.08280107	21.80741849	0.928108718	308.25	204.95	1.50
20.6718503	-3.546180774	-12.10901554	21.85391056	0.928274556	307.96	204.79	1.50
20.71843342	-3.554617365	-12.13652539	21.90330587	0.928431665	308.00	204.80	1.50
20.76787863	-3.564460056	-12.16616934	21.95603198	0.928614959	307.90	204.79	1.50
20.82048202	-3.573834047	-12.19715804	22.01176004	0.928789525	307.71	204.76	1.50
20.86657168	-3.582270639	-12.22442116	22.06066189	0.928946634	307.71	204.73	1.50
20.92529404	-3.592113329	-12.25870368	22.12266515	0.929129928	307.45	204.59	1.50
20.96684381	-3.600081222	-12.28346252	22.16687088	0.929278309	307.42	204.57	1.50
21.01155176	-3.609455212	-12.31050349	22.2147035	0.929452875	307.50	204.64	1.50
21.0577401	-3.617891804	-12.33781595	22.26370404	0.929609985	307.27	204.54	1.50
21.10382976	-3.627734495	-12.36578213	22.31307459	0.929793279	307.33	204.60	1.50
21.15070895	-3.636171087	-12.39344002	22.36276598	0.929950388	307.03	204.52	1.50
21.20045025	-3.645545078	-12.42299766	22.41563194	0.930124954	307.10	204.55	1.50
21.24525689	-3.653981669	-12.44961928	22.46325078	0.930282063	306.93	204.43	1.50
21.29381387	-3.662886961	-12.47835041	22.51477619	0.930447901	306.88	204.45	1.50
21.34562771	-3.671792252	-12.50870998	22.56955846	0.930613738	306.80	204.47	1.50
21.39201344	-3.680697544	-12.53635549	22.61891263	0.930779576	306.57	204.36	1.50
21.43968219	-3.689134136	-12.56440816	22.66939356	0.930936685	306.56	204.31	1.50
21.48695615	-3.698039427	-12.59249779	22.71963596	0.931102523	306.38	204.19	1.50
21.53630268	-3.706476019	-12.62138935	22.77179468	0.931259632	306.33	204.29	1.50
21.58357664	-3.716318709	-12.64994768	22.82234955	0.931442926	306.34	204.25	1.50
21.62798851	-3.722880503	-12.67543451	22.86894868	0.931565122	306.12	204.12	1.50
21.67901282	-3.731785794	-12.70539931	22.92294142	0.93173096	306.12	204.16	1.50
21.73507047	-3.741159785	-12.73811513	22.98212373	0.931905526	305.92	204.10	1.50
21.78125881	-3.749127678	-12.76519324	23.03096804	0.932053907	305.84	204.03	1.50
21.83198704	-3.758032969	-12.79501	23.08466469	0.932219744	305.77	204.16	1.50
21.88005055	-3.766469561	-12.82326006	23.1355404	0.932376853	305.56	204.01	1.50
21.92673236	-3.773968754	-12.85035056	23.18472194	0.932516506	305.51	204.00	1.50
21.98308609	-3.783342744	-12.88321442	23.24420034	0.932691072	305.42	203.97	1.50
22.03055744	-3.791310637	-12.91093404	23.29432765	0.932839453	305.22	203.96	1.50
22.07960788	-3.79880983	-12.93920886	23.34587783	0.932979106	305.16	203.95	1.50
22.12253936	-3.807246421	-12.96489289	23.3916215	0.933136215	304.98	203.88	1.50
22.18047218	-3.815683013	-12.99807759	23.45236651	0.933293324	304.91	203.86	1.50
22.2298187	-3.824588305	-13.0272035	23.50468147	0.933459162	304.79	203.87	1.49
22.28479072	-3.832556197	-13.05867346	23.56230946	0.933607543	304.56	203.80	1.49
22.33492679	-3.84005539	-13.08749109	23.61494525	0.933747195	304.47	203.77	1.49
22.37756219	-3.848023282	-13.11279273	23.66023661	0.933895576	304.25	203.70	1.49
22.41930934	-3.856928573	-13.13811896	23.7049522	0.934061414	304.17	203.67	1.49
22.47477483	-3.864427766	-13.1696013	23.76291742	0.934201067	304.09	203.61	1.49
22.52300576	-3.871926959	-13.19746636	23.81364808	0.934340719	303.94	203.56	1.49
22.57123669	-3.88083225	-13.22603447	23.86484744	0.934506557	303.88	203.55	1.49
22.61946762	-3.888331443	-13.25389953	23.9155781	0.93464621	303.64	203.49	1.49
22.66769855	-3.897236734	-13.28246764	23.96677746	0.934812047	303.32	203.33	1.49
22.71592948	-3.906142026	-13.31103575	24.01797682	0.934977885	303.28	203.35	1.49
22.76416041	-3.914578618	-13.33936951	24.06901995	0.935134994	303.09	203.21	1.49
22.81239134	-3.92254651	-13.36746892	24.11990684	0.935283375	302.89	203.18	1.49
22.86062227	-3.930045703	-13.39533398	24.1706375	0.935423028	302.70	203.14	1.49
22.9088532	-3.938013595	-13.4234334	24.22152439	0.935571409	302.51	203.09	1.49
22.95708413	-3.945512788	-13.45129846	24.27225505	0.935711061	302.36	203.02	1.49
23.00531505	-3.953011981	-13.47916352	24.32298571	0.935850714	302.41	203.06	1.49
23.05354598	-3.960979873	-13.50726293	24.37387261	0.935999095	302.34	203.02	1.49
23.10177691	-3.968947765	-13.53536234	24.4247595	0.936147476	302.10	202.97	1.49
23.15000784	-3.975978258	-13.56299305	24.47533393	0.9362784	301.98	202.98	1.49
23.19823877	-3.983477451	-13.59085811	24.52606459	0.936418053	301.93	202.89	1.49
23.2464697	-3.991445343	-13.61895752	24.57695148	0.936566434	301.69	202.82	1.49
23.29470063	-3.998944536	-13.64682258	24.62768214	0.936706087	301.81	202.82	1.49
23.34293156	-4.006912428	-13.67492199	24.67856903	0.936854468	301.54	202.78	1.49
23.39116249	-4.013942922	-13.7025527	24.72914346	0.936985392	301.32	202.78	1.49
23.43939342	-4.021442114	-13.73041777	24.77987412	0.937125045	301.25	202.73	1.49
23.48762435	-4.028472608	-13.75804848	24.83044855	0.937255969	301.02	202.65	1.49
23.53585527	-4.035503101	-13.78567919	24.88102297	0.937386894	300.96	202.66	1.49
23.5840862	-4.043470993	-13.8137786	24.93190987	0.937535275	300.82	202.65	1.48
23.63231713	-4.050970186	-13.84164366	24.98264053	0.937674927	300.54	202.54	1.48
23.68054806	-4.058938078	-13.86974307	25.03352742	0.937823308	300.55	202.54	1.48
23.72877899	-4.065499872	-13.89713943	25.08394561	0.937945504	300.35	202.45	1.48
23.77700992	-4.072999065	-13.92500449	25.13467627	0.938085157	300.29	202.49	1.48
23.82524085	-4.080498257	-13.95286955	25.18540693	0.93822481	300.29	202.49	1.48
23.87347178	-4.087060051	-13.98026591	25.23582513	0.938347006	299.92	202.37	1.48
23.92170271	-4.094090544	-14.00789663	25.28639956	0.93847793	299.85	202.35	1.48
23.96993364	-4.101589737	-14.03576169	25.33713022	0.938617583	299.64	202.30	1.48
24.01816457	-4.10862023	-14.0633924	25.38770464	0.938748507	299.41	202.22	1.48
24.06639549	-4.115650723	-14.09102311	25.43827907	0.938879432	299.52	202.33	1.48
24.11462642	-4.122681217	-14.11865382	25.4888535	0.939010356	299.24	202.18	1.48
24.16285735	-4.12971171	-14.14628453	25.53942792	0.939141281	299.21	202.20	1.48
24.21108828	-4.136742203	-14.17391524	25.59000235	0.939272205	298.91	202.06	1.48
24.25931921	-4.143772696	-14.20154595	25.64057678	0.939403129	298.87	202.05	1.48
24.30755014	-4.150803189	-14.22917666	25.6911512	0.939534054	298.76	202.03	1.48
24.35578107	-4.157364983	-14.25657303	25.7415694	0.93965625	298.57	201.92	1.48
24.404012	-4.164395476	-14.28420374	25.79214382	0.939787174	298.44	201.87	1.48
24.45224293	-4.17095727	-14.3116001	25.84256202	0.93990937	298.08	201.77	1.48
24.50047386	-4.177987763	-14.33923081	25.89313644	0.940040295	297.98	201.76	1.48
24.54870479	-4.185486956	-14.36709587	25.9438671	0.940179947	297.83	201.72	1.48
24.59693571	-4.19204875	-14.39449223	25.9942853	0.940302144	297.65	201.69	1.48
24.64516664	-4.198141844	-14.42165424	26.04454726	0.940415611	297.56	201.67	1.48
24.69339757	-4.204703637	-14.4490506	26.09496545	0.940537807	297.32	201.55	1.48
24.7416285	-4.21220283	-14.47691567	26.14569611	0.94067746	297.26	201.55	1.47
24.78985943	-4.218295924	-14.50407768	26.19595807	0.940790928	297.17	201.50	1.47
24.83809036	-4.224857718	-14.53147404	26.24637627	0.940913124	296.98	201.47	1.47
24.88632129	-4.232356911	-14.5593391	26.29710693	0.941052777	296.91	201.45	1.47
24.93455222	-4.237512606	-14.58603241	26.34705642	0.941148788	296.67	201.32	1.47
24.98278315	-4.245011798	-14.61389747	26.39778708	0.941288441	296.50	201.30	1.47
25.03101408	-4.251573592	-14.64129383	26.44820527	0.941410637	296.26	201.16	1.47
25.079245	-4.257666686	-14.66845585	26.49846723	0.941524105	296.09	201.19	1.47
25.12747593	-4.26422848	-14.69585221	26.54888543	0.941646301	296.00	201.19	1.47
25.17570686	-4.269852874	-14.72277987	26.59899115	0.94175104	295.88	201.15	1.47
25.22393779	-4.277352067	-14.75064493	26.64972181	0.941890693	295.68	201.06	1.47
25.27216872	-4.282976462	-14.77757259	26.69982754	0.941995432	295.65	201.04	1.47
25.32039965	-4.289538255	-14.80496895	26.75024574	0.942117628	295.39	200.91	1.47
25.36863058	-4.296100049	-14.83236531	26.80066393	0.942239825	295.27	200.89	1.47
25.41686151	-4.301724444	-14.85929298	26.85076966	0.942344564	295.02	200.79	1.47
25.46509244	-4.308754937	-14.88692369	26.90134408	0.942475488	294.91	200.81	1.47
25.51332337	-4.31531673	-14.91432005	26.95176228	0.942597685	294.92	200.80	1.47
25.5615543	-4.320941125	-14.94124771	27.001868	0.942702424	294.67	200.67	1.47
25.60978522	-4.327034219	-14.96840972	27.05212996	0.942815892	294.45	200.55	1.47
25.65801615	-4.333596013	-14.99580608	27.10254816	0.942938088	294.33	200.52	1.47
25.70624708	-4.338751708	-15.0224994	27.15249765	0.943034099	294.10	200.49	1.47
25.75447801	-4.345782201	-15.05013011	27.20307208	0.943165024	293.91	200.43	1.47
25.80270894	-4.350937896	-15.07682342	27.25302157	0.943261035	293.71	200.38	1.47
25.85093987	-4.35749969	-15.10421978	27.30343977	0.943383231	293.67	200.41	1.47
25.8991708	-4.363124084	-15.13114744	27.35354549	0.94348797	293.40	200.31	1.46
25.94740173	-4.368748479	-15.1580751	27.40365122	0.94359271	293.21	200.27	1.46
25.99563266	-4.376247672	-15.18594016	27.45438188	0.943732363	293.09	200.21	1.46
26.04386359	-4.380934667	-15.21239913	27.50417514	0.943819646	292.81	200.08	1.46
26.09209452	-4.387027761	-15.23956114	27.5544371	0.943933113	292.90	200.09	1.46
26.14032544	-4.391714757	-15.2660201	27.60423036	0.944020396	292.52	199.97	1.46
26.18855637	-4.397807851	-15.29318211	27.65449232	0.944133864	292.38	199.93	1.46
26.2367873	-4.403432245	-15.32010977	27.70459805	0.944238604	292.25	199.92	1.46
26.28501823	-4.40905664	-15.34703744	27.75470378	0.944343343	292.09	199.86	1.46
26.33324916	-4.415149734	-15.37419945	27.80496574	0.944456811	291.95	199.81	1.46
26.38148009	-4.421242828	-15.40136146	27.8552277	0.944570279	291.81	199.76	1.46
26.42971102	-4.426867223	-15.42828912	27.90533343	0.944675018	291.54	199.71	1.46
26.47794195	-4.432022918	-15.45498243	27.95528292	0.94477103	291.36	199.66	1.46
26.52617288	-4.437647312	-15.48191009	28.00538865	0.944875769	291.17	199.55	1.46
26.57440381	-4.442803007	-15.50860341	28.05533814	0.94497178	291.07	199.55	1.46
26.62263474	-4.449364801	-15.53599977	28.10575634	0.945093976	290.84	199.49	1.46
26.67086566	-4.454989196	-15.56292743	28.15586206	0.945198716	290.62	199.37	1.46
26.71909659	-4.459676191	-15.58938639	28.20565532	0.945285999	290.56	199.42	1.46
26.76732752	-4.465300586	-15.61631405	28.25576105	0.945390738	290.33	199.30	1.46
26.81555845	-4.470456281	-15.64300737	28.30571055	0.94548675	290.14	199.27	1.46
26.86378938	-4.476080675	-15.66993503	28.35581627	0.945591489	290.12	199.24	1.46
26.91202031	-4.480298971	-15.69615964	28.4054533	0.945670044	289.86	199.17	1.46
26.96025124	-4.485454666	-15.72285295	28.45540279	0.945766055	289.79	199.20	1.45
27.00848217	-4.490610361	-15.74954626	28.50535229	0.945862066	289.43	199.05	1.45
27.0567131	-4.496703455	-15.77670828	28.55561425	0.945975534	289.30	199.04	1.45
27.10494403	-4.500921751	-15.80293289	28.60525128	0.946054089	289.09	198.95	1.45
27.15317496	-4.506077446	-15.8296262	28.65520077	0.9461501	288.97	198.93	1.45
27.20140588	-4.511701841	-15.85655386	28.7053065	0.946254839	288.82	198.85	1.45
27.24963681	-4.516857536	-15.88324717	28.75525599	0.946350851	288.62	198.80	1.45
27.29786774	-4.521544531	-15.90970614	28.80504925	0.946438134	288.52	198.75	1.45
27.34609867	-4.526700226	-15.93639945	28.85499875	0.946534145	288.34	198.78	1.45
27.3943296	-4.531387222	-15.96285841	28.90479201	0.946621428	288.21	198.70	1.45
27.44256053	-4.536542917	-15.98955172	28.9547415	0.946717439	288.14	198.71	1.45
27.49079146	-4.542167311	-16.01647939	29.00484723	0.946822178	287.80	198.54	1.45
27.53902239	-4.546854307	-16.04293835	29.05464049	0.946909461	287.73	198.53	1.45
27.58725332	-4.551541302	-16.06939731	29.10443375	0.946996744	287.56	198.45	1.45
27.63548425	-4.555759598	-16.09562192	29.15407078	0.947075299	287.32	198.45	1.45
27.68371518	-4.561383993	-16.12254958	29.20417651	0.947180038	287.26	198.40	1.45
27.7319461	-4.566070988	-16.14900855	29.25396977	0.947267321	286.93	198.28	1.45
27.78017703	-4.571695383	-16.17593621	29.30407549	0.947372061	286.87	198.28	1.45
27.82840796	-4.576382378	-16.20239517	29.35386876	0.947459344	286.65	198.23	1.45
27.87663889	-4.581538073	-16.22908848	29.40381825	0.947555355	286.57	198.17	1.45
27.92486982	-4.586225069	-16.25554744	29.45361151	0.947642638	286.43	198.10	1.45
27.97310075	-4.591380764	-16.28224076	29.503561	0.947738649	286.19	198.05	1.45
28.02133168	-4.59559906	-16.30846537	29.55319803	0.947817204	286.02	197.99	1.44
28.06956261	-4.600286055	-16.33492433	29.60299129	0.947904487	285.92	197.96	1.44
28.11779354	-4.604973051	-16.36138329	29.65278455	0.94799177	285.71	197.93	1.44
28.16602447	-4.609660046	-16.38784226	29.70257781	0.948079053	285.66	197.94	1.44
28.2142554	-4.614815741	-16.41453557	29.75252731	0.948175064	285.35	197.77	1.44
28.26248632	-4.619034037	-16.44076018	29.80216434	0.948253618	285.29	197.72	1.44
28.31071725	-4.624189732	-16.46745349	29.85211383	0.94834963	285.21	197.77	1.44
28.35894818	-4.628876728	-16.49391245	29.90190709	0.948436913	284.85	197.66	1.44
28.40717911	-4.633563723	-16.52037142	29.95170035	0.948524196	284.78	197.63	1.44
28.45541004	-4.637313319	-16.54636168	30.00118115	0.948594022	284.47	197.50	1.44
28.50364097	-4.642469014	-16.57305499	30.05113064	0.948690033	284.34	197.42	1.44
28.5518719	-4.64668731	-16.5992796	30.10076767	0.948768588	284.25	197.46	1.44
28.60010283	-4.649968207	-16.62503552	30.15009223	0.948829686	284.04	197.40	1.44
