eps1        epsv      eps3             epsq       Void ratio    q           p          eta = q/p  
[%]         [%]       [%]              [%]        [%]           [kPa]       [kPa]      [-]

0	0	0	0	0.858910751	2.83	200.11	0.01
0.023569384	0.01089738	-0.006336002	0.019936924	0.858708178	11.59133132	202.9169275	0.057123531
0.060491229	0.026532751	-0.016979239	0.051646978	0.858417531	26.90690078	208.0219553	0.129346447
0.102842756	0.044537118	-0.029152819	0.08799705	0.858082845	39.13918839	212.1297295	0.184505908
0.144108347	0.064910481	-0.039598933	0.12247152	0.857704123	50.56338295	215.9177264	0.234178934
0.184979052	0.090495634	-0.047241709	0.15481384	0.857228518	65.54583608	220.8710124	0.296760699
0.226145921	0.117502184	-0.054321868	0.186978526	0.85672649	79.13392735	225.4310452	0.351033848
0.272347588	0.144982534	-0.063682527	0.224020076	0.856215655	91.89928678	229.665773	0.400143589
0.314797837	0.172936683	-0.070930577	0.257152276	0.855696012	104.2403554	233.7592325	0.445930431
0.35951868	0.200417032	-0.079550824	0.292713003	0.855185177	115.7084224	237.5616915	0.48706684
0.399204727	0.227423583	-0.085890572	0.323396866	0.854683149	126.6860652	241.2511698	0.52512104
0.44649233	0.253482535	-0.096504897	0.361998152	0.854198737	137.3345413	244.7702358	0.561075332
0.491213174	0.279067688	-0.106072743	0.398190611	0.853723131	147.0418419	248.0056787	0.592897077
0.533762144	0.303231444	-0.11526535	0.432684996	0.853273949	156.3803642	251.0683495	0.622859729
0.578285545	0.327395199	-0.125445173	0.469153812	0.852824766	165.353383	254.0290107	0.650923225
0.627448856	0.349189959	-0.139129449	0.511052203	0.852419621	173.6449103	256.8026442	0.676180383
0.673551801	0.371932318	-0.150809742	0.549574362	0.851996861	181.8467424	259.6070692	0.700469147
0.722616391	0.393253279	-0.164681556	0.591531965	0.851600523	189.5928522	262.1890248	0.723115135
0.770891209	0.413152842	-0.178869184	0.633173595	0.851230608	197.1116713	264.6448038	0.744815951
0.815019724	0.434000004	-0.19050986	0.670353056	0.850843078	204.4150269	267.1097627	0.765284746
0.857864859	0.45247817	-0.202693345	0.707038802	0.850499585	211.2879722	269.3402165	0.784464997
0.898143235	0.470956336	-0.213593449	0.74115779	0.850156093	218.2185093	271.6607535	0.803275801
0.942173028	0.489434502	-0.226369263	0.779028194	0.8498126	224.620728	273.7337314	0.820581106
0.99133634	0.507438869	-0.241948735	0.82219005	0.849477915	230.9696096	275.8601403	0.837270689
1.037636728	0.52354804	-0.257044344	0.863120714	0.84917846	237.1138963	277.9181078	0.853179011
1.07900104	0.53965721	-0.269671915	0.899115303	0.848879005	242.9899385	279.8367336	0.868327526
1.1260912	0.555292581	-0.285399309	0.940993673	0.848588357	248.7920282	281.7706825	0.882959242
1.171305651	0.569980354	-0.300662648	0.9813122	0.848315325	254.3163636	283.5815396	0.896801548
1.213361014	0.586563324	-0.313398845	1.017839906	0.848007062	259.8504685	285.4666202	0.910265685
1.262425604	0.600303499	-0.331061053	1.062324438	0.847751644	265.1710823	287.2097322	0.923266354
1.306455397	0.613569874	-0.346442761	1.101932106	0.847505034	270.2793948	288.891544	0.935573922
1.353644279	0.628257647	-0.362693316	1.144225063	0.847232002	275.4163637	290.614144	0.947704609
1.403399919	0.641524023	-0.380937948	1.189558578	0.846985392	280.1154365	292.2104416	0.95860858
1.449305421	0.652895202	-0.39820511	1.231673687	0.846774012	285.0740589	293.8029497	0.970289982
1.498370011	0.66521398	-0.416578016	1.276632018	0.846545016	289.8203659	295.456262	0.98092477
1.547730766	0.676585159	-0.435572804	1.32220238	0.846333636	294.2653174	296.8975335	0.991134261
1.589095078	0.68700874	-0.451043169	1.360092165	0.846139871	298.8199864	298.3952835	1.00142329
1.647044604	0.698853718	-0.474095443	1.414093365	0.845919684	303.0862087	299.8277966	1.010867612
1.689198689	0.7088035	-0.490197595	1.452930856	0.845734726	307.3734226	301.2465099	1.020338535
1.732537431	0.71970088	-0.506418276	1.492637138	0.845532154	311.6752996	302.6599959	1.029786902
1.778048047	0.729650661	-0.524198693	1.53483116	0.845347196	315.6524214	304.0361972	1.038206714
1.823262498	0.739600443	-0.541831028	1.576729017	0.845162239	319.8108668	305.3416687	1.04738691
1.872524532	0.749076426	-0.561724053	1.62283239	0.844986088	323.566417	306.6137487	1.055289981
1.922181451	0.758078609	-0.582051421	1.669488581	0.844818746	327.2792618	307.8715127	1.06303847
1.96986394	0.766133195	-0.601865373	1.714486208	0.844669018	331.2121438	309.1522093	1.071356224
2.011326974	0.773240181	-0.619043396	1.753580247	0.844536906	334.8668794	310.2995685	1.079172881
2.062859602	0.780820968	-0.641019317	1.802585946	0.844395986	338.5223577	311.5378863	1.086616982
2.109456154	0.787454155	-0.661000999	1.846971435	0.844272681	342.1517942	312.8291855	1.09373361
2.15240001	0.794561142	-0.678919434	1.887546296	0.844140568	345.5184296	313.9209713	1.100654181
2.19554131	0.801668129	-0.69693659	1.9283186	0.844008456	349.0645494	315.0827002	1.107850571
2.246679052	0.807353719	-0.719662666	1.977561146	0.843902766	352.2817431	316.1347871	1.11434033
2.281034137	0.811617911	-0.734708113	2.010494833	0.843823498	354.3098514	316.7906742	1.118435233
2.323879272	0.817303501	-0.753287886	2.051444772	0.843717808	357.8260231	317.9625694	1.12537153
2.37412852	0.82298909	-0.775569715	2.099798824	0.843612118	360.7828075	318.9483262	1.131163821
2.421119959	0.828200881	-0.796459539	2.145052999	0.843515235	364.0754435	320.0560676	1.137536452
2.46435998	0.832938872	-0.815710554	2.186713689	0.84342716	366.9216624	320.9945302	1.143077616
2.521618455	0.837676863	-0.841970796	2.242392834	0.843339085	370.1314593	322.0443945	1.149318124
2.567820122	0.842888654	-0.862465734	2.286857237	0.843242203	373.1995636	323.0464609	1.155250432
2.618562977	0.846205248	-0.886178865	2.336494561	0.84318055	376.0035134	324.0114559	1.16046364
2.666739074	0.849521842	-0.908608616	2.383565127	0.843118898	378.9783099	325.0335617	1.165966702
2.710176538	0.852838435	-0.928669051	2.42589706	0.843057245	381.8050795	325.9556692	1.171340509
2.755588432	0.857102628	-0.949242902	2.469887556	0.842977978	384.5888758	326.8837633	1.176530984
2.802876035	0.858997824	-0.971939106	2.516543427	0.842942748	387.5533451	327.9021838	1.181917548
2.849176423	0.862788217	-0.993194103	2.561580351	0.842872288	390.0903124	328.6872305	1.186813104
2.89804357	0.865157213	-1.016443179	2.609657833	0.84282825	392.9538793	329.6822938	1.191916844
2.946219667	0.867526209	-1.039346729	2.657044264	0.842784213	395.5087986	330.5139466	1.196647835
2.994494485	0.869895204	-1.06229964	2.704529417	0.842740175	398.0244334	331.3620395	1.201176918
3.03733962	0.871316602	-1.083011509	2.746900753	0.842713753	400.7374258	332.2463833	1.206145336
3.081369413	0.872737999	-1.104315707	2.790456747	0.84268733	403.1348977	333.0659326	1.210375659
3.128558294	0.875106995	-1.12672565	2.836855963	0.842643293	405.7743796	333.9150909	1.215202279
3.179794758	0.876054593	-1.151870082	2.88777656	0.842625678	408.0080613	334.6799625	1.21909916
3.225798981	0.877002191	-1.174398395	2.933464917	0.842608063	410.3518721	335.4613948	1.223246187
3.274172521	0.87747599	-1.198348265	2.981680524	0.842599255	412.8983107	336.3607826	1.227545933
3.320670351	0.877949789	-1.221360281	3.028020422	0.842590448	415.1607902	337.1047465	1.231548338
3.367266904	0.878423589	-1.244421658	3.074459041	0.84258164	417.6915829	337.948344	1.235962804
3.417219988	0.878423589	-1.2693982	3.124412125	0.84258164	419.8238357	338.648899	1.239702349
3.46381654	0.878423589	-1.292696476	3.171008677	0.84258164	421.823898	339.2445384	1.243421338
3.506168067	0.877949789	-1.314109139	3.213518138	0.842590448	424.2354692	340.0993755	1.247386793
3.554245442	0.87747599	-1.338384726	3.261753446	0.842599255	426.24063	340.7374984	1.250935491
3.598966286	0.877002191	-1.360982048	3.306632222	0.842608063	428.6010148	341.5240503	1.254965834
3.642305029	0.875106995	-1.383599017	3.350602697	0.842643293	430.6166203	342.2165538	1.258316161
3.685939936	0.873685597	-1.406127169	3.394711403	0.842669715	432.6849277	342.8654486	1.261967134
3.745962613	0.871790401	-1.437086106	3.455365813	0.842704945	434.7470365	343.5934402	1.265294926
3.792559166	0.870369003	-1.461095081	3.502436165	0.842731368	436.6892905	344.2306622	1.268594981
3.837674896	0.867526209	-1.485074344	3.548499493	0.842784213	438.7197741	344.9279631	1.271917099
3.878249436	0.864683414	-1.506783011	3.590021631	0.842837058	440.7868301	345.6572798	1.275213502
3.922377951	0.861840619	-1.530268666	3.635097744	0.842889903	442.5839594	346.2254109	1.278311601
3.970356604	0.858524025	-1.55591629	3.684181929	0.842951555	444.6644468	346.9395417	1.281677046
4.015571055	0.855207431	-1.580181812	3.730501912	0.843013208	446.3605176	347.4950266	1.284509082
4.063056101	0.851890837	-1.605582632	3.779092489	0.84307486	448.2413718	348.121492	1.287600398
4.113107907	0.847626645	-1.632740631	3.830565692	0.843154128	450.049873	348.7550757	1.290446804
4.157038978	0.844310051	-1.656364464	3.875602294	0.84321578	451.9071618	349.353942	1.293551059
4.201463657	0.840519658	-1.680472	3.921290438	0.84328624	453.8295521	349.9745088	1.296750308
4.25655026	0.836255466	-1.710147397	3.977798438	0.843365508	455.3568113	350.4633652	1.299299318
4.305911014	0.832465073	-1.736722971	4.028422657	0.843435968	456.9650462	351.0501805	1.301708621
4.349249757	0.828200881	-1.760524438	4.073182797	0.843515235	458.9733904	351.6689725	1.305129045
4.4017696	0.824410488	-1.788679556	4.126966104	0.843585695	460.4907462	352.1850348	1.307525024
4.444614735	0.820146295	-1.81223422	4.171232636	0.843664963	462.3363605	352.8000776	1.310476924
4.489927908	0.817303501	-1.836312203	4.217493407	0.843717808	463.7818886	353.3022313	1.312705801
4.546890218	0.813039308	-1.866925455	4.275877116	0.843797076	465.3942239	353.8296424	1.315305922
4.588550695	0.808301317	-1.890124689	4.319116923	0.843885151	467.1481451	354.4143638	1.318084685
4.641564146	0.805458522	-1.918052812	4.373077972	0.843937996	468.5325355	354.8862662	1.320232931
4.688456863	0.80119433	-1.943631266	4.421392086	0.844017263	470.3302965	355.5257369	1.322914905
4.728636517	0.796456339	-1.966090089	4.463151071	0.844105338	471.8542529	356.0841354	1.325120122
4.778688322	0.791718348	-1.993484987	4.514782206	0.844193413	473.2741415	356.5472356	1.327381324
4.828147798	0.786980356	-2.020583721	4.565821013	0.844281488	474.9795936	357.0754216	1.330194029
4.875139237	0.782716164	-2.046211536	4.614233849	0.844360756	476.2176033	357.5084025	1.332045904
4.927856523	0.777030575	-2.075412974	4.668846331	0.844466446	477.8980177	358.0280806	1.334805965
4.972083759	0.772292583	-2.099895588	4.714652898	0.844554521	479.2684225	358.5154702	1.336813784
5.026676754	0.767554592	-2.129561081	4.770825223	0.844642596	480.5847397	358.9644386	1.338808773
5.071989926	0.762342801	-2.154823562	4.817875659	0.844739478	482.2630749	359.5635337	1.341245788
5.118092871	0.756183413	-2.180954729	4.866031734	0.844853976	483.4344981	359.9545751	1.343043071
5.169921664	0.751445421	-2.209238121	4.919439856	0.844942051	484.8654604	360.3813115	1.34542343
5.220960684	0.745286033	-2.237837326	4.972532006	0.845056548	486.2560927	360.8750386	1.347436205
5.262621161	0.740074242	-2.261273459	5.015929747	0.845153431	487.5384389	361.2922914	1.349429397
5.310402371	0.733441054	-2.288480658	5.06592202	0.845276736	489.0813283	361.8475338	1.351622666
5.351766684	0.728229264	-2.31176871	5.109023596	0.845373619	490.2736294	362.1841155	1.353658563
5.394414376	0.722069875	-2.33617225	5.153724417	0.845488116	491.6298486	362.5856946	1.355899739
5.443281523	0.715436688	-2.363922418	5.204802627	0.845611421	492.9320191	363.0704074	1.357676112
5.485435607	0.709751098	-2.387842255	5.248851908	0.845717111	494.1133823	363.4846682	1.359378883
5.533414261	0.70311791	-2.415148175	5.299041624	0.845840416	495.4873392	363.8715248	1.361709574
5.588402141	0.696484722	-2.44595871	5.356240567	0.845963721	496.4700546	364.2396376	1.363031376
5.637071845	0.690799133	-2.473136356	5.406805468	0.846069411	497.7005487	364.6903433	1.364720942
5.686235157	0.683692146	-2.501271506	5.458337775	0.846201524	499.0076074	365.0854885	1.366823999
5.730561115	0.67611136	-2.527224878	5.505190662	0.846342444	500.1249648	365.52907	1.368222136
5.779132097	0.67042577	-2.554353164	5.555656841	0.846448134	501.5443424	365.9716889	1.370445741
5.82967751	0.662844984	-2.583416263	5.608729182	0.846589054	502.5726155	366.3650216	1.371781109
5.877557442	0.655737997	-2.610909723	5.65897811	0.846721167	503.686215	366.6953564	1.373582202
5.925536096	0.648157211	-2.638689442	5.709483692	0.846862087	504.9006066	367.1402896	1.375225277
5.970355661	0.641050224	-2.664652718	5.756672253	0.846994199	505.8695405	367.4233746	1.376802826
6.019913859	0.633943237	-2.692985311	5.808599446	0.847126312	507.2323831	367.8371144	1.378959227
6.06710274	0.62683625	-2.720133245	5.858157323	0.847258424	508.1329871	368.1579508	1.380203758
6.114686507	0.619729263	-2.747478622	5.908110086	0.847390537	509.1176876	368.4863463	1.381646003
6.16523192	0.612148477	-2.776541722	5.961182428	0.847531457	510.2749414	368.8920845	1.383263461
6.211729751	0.604567691	-2.80358103	6.010207187	0.847672377	511.155145	369.2564527	1.384282228
6.262176442	0.596986905	-2.832594769	6.063180807	0.847813297	512.4495124	369.6677595	1.386243456
6.31370907	0.589406119	-2.862151476	6.117240364	0.847954217	513.2118897	369.8608713	1.387580924
6.354382332	0.581825333	-2.8862785	6.160440554	0.848095137	514.2595647	370.2602663	1.388913722
6.403348201	0.573296948	-2.915025626	6.212249218	0.848253672	515.4473375	370.6161356	1.390784934
6.455769322	0.565242363	-2.94526348	6.267355201	0.8484034	516.1981679	370.9071154	1.391718159
6.505524963	0.556713979	-2.974405492	6.319953637	0.848561935	517.3085147	371.257163	1.393396724
6.554194667	0.549606992	-3.002293838	6.370992336	0.848694047	518.2041449	371.5355574	1.394763259
6.603061814	0.541552407	-3.030754704	6.422544345	0.848843775	519.0923521	371.8419844	1.396002533
6.64403124	0.533024022	-3.055503609	6.466356566	0.84900231	520.1946621	372.2498001	1.397434363
6.693589438	0.524969437	-3.084310001	6.518599626	0.849152037	520.9197048	372.491481	1.398474143
6.738112839	0.516914852	-3.110598993	6.565807888	0.849301765	521.9497394	372.8646039	1.39983719
6.788658251	0.508386467	-3.140135892	6.619196096	0.8494603	522.889968	373.1683034	1.401217529
6.833181652	0.499858083	-3.166661785	6.666562291	0.849618835	523.6195132	373.4114851	1.402258725
6.882838571	0.492277297	-3.195280637	6.718746139	0.849759755	524.5842494	373.7432599	1.40359521
6.936740515	0.483275113	-3.226732701	6.775648811	0.849927098	525.099939	373.9148324	1.404330327
6.982251131	0.47427293	-3.253989101	6.824160154	0.85009444	526.2336939	374.3335347	1.405788275
7.030525949	0.465744546	-3.282390702	6.875277767	0.850252975	527.0929423	374.6302278	1.406968534
7.076332729	0.456742362	-3.309795184	6.924085275	0.850420318	527.8065861	374.8480411	1.408054807
7.12411394	0.448213978	-3.337949981	6.974709281	0.850578853	528.8216761	375.1658504	1.40956773
7.16992072	0.439685593	-3.365117563	7.023358856	0.850737388	529.3970937	375.3782913	1.410302902
7.212568412	0.430209611	-3.391179401	7.069165209	0.850913538	530.381867	375.6865621	1.411766937
7.255709712	0.421681226	-3.417014243	7.115149303	0.851072073	531.194852	375.9976121	1.412761238
7.303096036	0.412679043	-3.445208497	7.165536355	0.851239416	531.7554612	376.2046308	1.413473992
7.34781688	0.403676859	-3.47207001	7.213257927	0.851406758	532.8132487	376.5475166	1.41499605
7.403594533	0.394674676	-3.504459928	7.272036307	0.851574101	533.3232583	376.7177628	1.41571041
7.452757844	0.385198693	-3.533779576	7.32435828	0.851750251	534.0399579	376.9060067	1.416904874
7.497379967	0.375722711	-3.560828628	7.372139063	0.851926401	535.0054215	377.2677209	1.418105478
7.543285468	0.366246728	-3.58851937	7.421203226	0.852102551	535.4631655	377.4006392	1.418818915
7.589289692	0.356770745	-3.616259473	7.47036611	0.852278701	536.4008611	377.7130424	1.420127983
7.639440218	0.347294763	-3.646072728	7.523675298	0.852454851	537.0037464	377.9038892	1.421006139
7.683667455	0.337344981	-3.673161237	7.571219128	0.852639809	537.5344043	378.1112822	1.421630165
7.731152501	0.327868999	-3.701641751	7.621862834	0.852815959	538.2879613	378.3522718	1.422716345
7.782981293	0.317919217	-3.732531038	7.677008221	0.853000916	538.7207708	378.4969467	1.423316028
7.827011086	0.307969435	-3.759520826	7.724354608	0.853185874	539.8495318	378.8119433	1.425112226
7.875976955	0.298967252	-3.788504852	7.776321204	0.853353216	540.4047255	379.0775229	1.425578392
7.923758165	0.288543671	-3.817607247	7.827576942	0.853546981	540.9067663	379.2145248	1.426387258
7.972032983	0.279541487	-3.846245748	7.878852488	0.853714324	541.8403365	379.5359109	1.42763918
8.018728257	0.270065505	-3.874331376	7.928706422	0.853890474	542.0439657	379.6245033	1.42784241
8.067792847	0.259641924	-3.904075462	7.981245539	0.854084239	542.9796961	379.9873934	1.428941342
8.116758716	0.249692142	-3.933533287	8.033528002	0.854269197	543.5925937	380.1714626	1.429861647
8.163059104	0.239268561	-3.961895271	8.083302917	0.854462962	544.046908	380.3028327	1.430562334
8.212913466	0.229318779	-3.991797343	8.136473873	0.854647919	544.7035455	380.5522999	1.431350029
8.264939701	0.219368998	-4.022785352	8.191816702	0.854832877	545.2949189	380.7393904	1.432199905
8.311536254	0.208945417	-4.051295419	8.241887782	0.855026642	545.9659261	380.9830464	1.4330452
8.35250568	0.198521836	-4.076991922	8.286331735	0.855220407	546.5671984	381.1532875	1.433982642
8.401866435	0.188572054	-4.10664719	8.339009083	0.855405364	547.0179407	381.343995	1.434447501
8.45191824	0.177674674	-4.137121783	8.392693349	0.855607937	547.7814227	381.547752	1.43568248
8.502661096	0.167724892	-4.167468102	8.446752798	0.855792895	548.0178858	381.656999	1.435891094
8.552416736	0.15824891	-4.197083913	8.4996671	0.855969045	548.7715364	381.9183309	1.436881899
8.601974934	0.14735153	-4.227311702	8.552857758	0.856171617	549.5511439	382.228451	1.437755725
8.64945998	0.137875547	-4.255792216	8.603501464	0.856347767	549.9596457	382.3751383	1.438272499
8.700202836	0.126504368	-4.286849234	8.658034713	0.856559147	550.4897299	382.531846	1.439069023
8.741962034	0.116080787	-4.312940624	8.703268439	0.856752912	550.8579939	382.6440807	1.439609344
8.78747265	0.105657206	-4.340907722	8.752253581	0.856946678	551.4060099	382.7968937	1.44046626
8.842065645	0.095233625	-4.37341601	8.810321103	0.857140443	551.9826192	383.0194418	1.441134728
8.891525121	0.084336245	-4.403594438	8.863413039	0.857343015	552.2822031	383.1091071	1.441579417
8.938121673	0.074386464	-4.431867605	8.913326185	0.857527973	552.9752727	383.3704753	1.442404432
8.982941238	0.063489084	-4.459726077	8.961778211	0.857730545	553.3012799	383.4387654	1.442997761
9.036250853	0.053065503	-4.491592675	9.018562353	0.85792431	553.7799826	383.6185629	1.443569306
9.086697545	0.042168123	-4.522264711	9.072641504	0.858126883	554.3567058	383.790493	1.44442532
9.129049072	0.031744542	-4.548652265	9.118467558	0.858320648	554.7315653	383.9257232	1.444892936
9.172881422	0.020373363	-4.57625403	9.166090301	0.858532028	555.4450454	384.1837799	1.445779532
9.225401265	0.009949782	-4.607725742	9.222084671	0.858725793	555.7896501	384.3090061	1.446205114
9.270714438	-0.000947598	-4.635831018	9.271030304	0.858928366	556.1917068	384.422714	1.446823215
9.314349345	-0.011371179	-4.662860262	9.318139738	0.859122131	556.8412019	384.6191444	1.447772972
9.359366353	-0.02179476	-4.690580557	9.366631273	0.859315896	557.0611478	384.7939337	1.447686928
9.40754245	-0.03269214	-4.720117295	9.41843983	0.859518468	557.8292257	385.0499596	1.448719086
9.456212154	-0.04358952	-4.749900837	9.470741994	0.859721041	558.1063503	385.0610095	1.449397203
9.504486972	-0.054960699	-4.779723836	9.522807205	0.859932421	558.2986888	385.1251223	1.449655336
9.551182246	-0.065858079	-4.808520163	9.573134939	0.860134994	559.0389855	385.4430169	1.45038037
9.601431494	-0.077229258	-4.839330376	9.62717458	0.860346374	559.016566	385.3950027	1.450502892
9.647929325	-0.087652839	-4.867791082	9.677146938	0.860540139	559.6581749	385.6491704	1.451210628
9.704299307	-0.099497817	-4.901898562	9.737465246	0.860760326	560.0789285	385.7593196	1.451886967
9.746848277	-0.109921398	-4.928384838	9.783488743	0.860954091	560.2915193	385.9013122	1.451903639
9.796603918	-0.120818778	-4.958711348	9.836876844	0.861156664	561.0072798	386.058736	1.453165613
9.839942661	-0.131716158	-4.985829409	9.883848047	0.861359237	561.1774631	386.1662008	1.453201917
9.883873732	-0.142139739	-5.013006736	9.931253645	0.861553002	561.8465459	386.4090534	1.45402014
9.928792019	-0.153037119	-5.040914569	9.979804392	0.861755574	562.2222701	386.5243418	1.454558509
9.98121314	-0.164408298	-5.072810719	10.03601591	0.861966954	562.4143696	386.5783409	1.454852251
10.03047517	-0.175779478	-5.103127326	10.08906833	0.862178334	562.9418327	386.795108	1.455400601
10.0764794	-0.186203058	-5.131341228	10.13854708	0.862372099	563.0613282	386.8448928	1.455522197
10.12226643	-0.197100438	-5.159683436	10.18796658	0.862574672	563.4617041	386.9783514	1.456054846
10.1743519	-0.207997818	-5.19117486	10.24368451	0.862777244	563.8881643	387.1910668	1.456356338
10.2186285	-0.219842797	-5.219235647	10.29190943	0.862997432	563.942166	387.2193444	1.456389445
10.26929238	-0.231687775	-5.250490076	10.34652164	0.86321762	564.6194395	387.3948512	1.457477914
10.31374667	-0.242111356	-5.277929014	10.39445046	0.863411385	565.0108	387.5050747	1.458073292
10.35804301	-0.253956334	-5.305999674	10.44269512	0.863631572	565.1788551	387.5408631	1.458372288
10.40371158	-0.264379915	-5.334045749	10.49183822	0.863825337	565.6438936	387.7568899	1.458759105
10.4500021	-0.275751094	-5.362876597	10.54191913	0.864036717	565.8172944	387.7941362	1.459066142
10.49961953	-0.287122273	-5.393370902	10.59532695	0.864248097	566.3826647	388.003066	1.459737601
10.55086587	-0.298019653	-5.424442759	10.65020575	0.86445067	566.4597723	387.9886325	1.459990641
10.59723536	-0.309390832	-5.453313095	10.70036564	0.86466205	566.7628274	388.1398209	1.460202734
10.65001188	-0.320762012	-5.485386944	10.75693255	0.86487343	567.1235314	388.2702515	1.460641214
10.69623329	-0.331659392	-5.51394634	10.80678642	0.865076003	567.1810917	388.3098303	1.46064057
10.74118119	-0.343030571	-5.542105881	10.85552471	0.865287383	567.6888559	388.449064	1.461424183
10.79138108	-0.353927951	-5.572654515	10.90935706	0.865489955	567.8847335	388.5442966	1.461570118
10.83904382	-0.365772929	-5.602408376	10.96096813	0.865710143	567.9919128	388.610449	1.461597119
10.88077341	-0.377144108	-5.628958757	11.00648811	0.865921523	568.4846916	388.7849856	1.462208451
10.92604709	-0.388515287	-5.657281188	11.05555219	0.866132903	568.6414322	388.7563125	1.462719483
10.96849734	-0.399886466	-5.684191902	11.10179283	0.866344283	569.1444304	388.9542425	1.463268344
11.01980291	-0.411257646	-5.715530276	11.15688879	0.866555663	569.1627198	388.940433	1.463367322
11.07333958	-0.423102624	-5.748221103	11.21437379	0.866775851	569.360552	389.0266071	1.4635517
11.12266085	-0.434000004	-5.778330426	11.26732752	0.866978423	569.934492	389.2078864	1.464344665
11.1708172	-0.445371183	-5.808094191	11.31927426	0.867189803	569.8235004	389.1705652	1.464199894
11.21565651	-0.456742362	-5.836199436	11.36790396	0.867401184	570.3725005	389.3941062	1.464769218
11.26467174	-0.46858734	-5.866629539	11.42086752	0.867621371	570.4979614	389.4969405	1.464704602
11.31660912	-0.479010921	-5.897810023	11.47627943	0.867815136	570.5466565	389.5028142	1.464807533
11.37036299	-0.491329699	-5.930846342	11.53413955	0.868044131	571.0301564	389.7151229	1.465250186
11.4211552	-0.503174677	-5.96216494	11.5888801	0.868264319	571.0441033	389.6995418	1.465344559
11.46748521	-0.514545856	-5.991015532	11.63900049	0.868475699	571.3339722	389.7760158	1.465800739
11.52026173	-0.525917035	-6.023089381	11.6955674	0.868687079	571.5977636	389.8738183	1.466109641
11.56481474	-0.536814415	-6.050814579	11.74375288	0.868889652	571.8676555	389.9742212	1.466424252
11.60993047	-0.548185594	-6.079058034	11.792659	0.869101032	572.1631185	390.1131689	1.466659329
11.65558917	-0.559556773	-6.107572972	11.8421081	0.869312412	572.1123278	390.0552117	1.466747042
11.70339013	-0.571401752	-6.137395939	11.89385738	0.869532599	572.4027078	390.152572	1.467125296
11.75564342	-0.582772931	-6.169208176	11.94990106	0.869743979	572.6986284	390.2815572	1.467398646
11.79844907	-0.595091708	-6.196770388	11.99681297	0.869972974	572.8871004	390.3243132	1.467720767
11.84629938	-0.606462887	-6.226381135	12.04845368	0.870184354	573.1288259	390.5062814	1.467655844
11.88915439	-0.617834067	-6.253494228	12.09509908	0.870395735	573.0451999	390.478568	1.467545845
11.94249362	-0.629205246	-6.285849433	12.1522287	0.870607115	573.3635616	390.5645396	1.468037939
11.98368023	-0.641524023	-6.312602129	12.19752158	0.87083611	573.6575122	390.6525701	1.468459588
12.03454156	-0.652421403	-6.34348148	12.25201536	0.871038682	573.6527698	390.6100433	1.468607322
12.09616352	-0.663792582	-6.379978052	12.31742772	0.871250062	573.8660471	390.7418258	1.468657843
12.14674842	-0.675637561	-6.411192992	12.37196094	0.87147025	573.8889255	390.7697629	1.468611392
12.18795478	-0.687482539	-6.43771866	12.41711563	0.871690437	574.1666219	390.8319834	1.469088115
12.23730566	-0.699327517	-6.468316591	12.47041484	0.871910625	574.4549968	390.9590203	1.469348364
12.28566933	-0.710224897	-6.497947114	12.52241096	0.872113198	574.5122345	390.9476736	1.469537417
12.3296004	-0.721596076	-6.52559824	12.57013243	0.872324578	574.9180402	391.0730701	1.470103886
12.37264298	-0.733441054	-6.553042018	12.61712333	0.872544765	574.8907251	391.1043441	1.469916491
12.4250641	-0.744812234	-6.584938168	12.67333485	0.872756145	574.9492755	391.1033879	1.47006979
12.47294403	-0.757131011	-6.615037523	12.72532104	0.87298514	575.4342689	391.2046054	1.470929179
12.52743831	-0.76850219	-6.647970249	12.7836057	0.873196521	575.3812193	391.2373352	1.470670531
12.57018472	-0.780820968	-6.675502845	12.83045838	0.873425516	575.6730188	391.3649467	1.470936587
12.61944675	-0.792192147	-6.705819451	12.8835108	0.873636896	575.7498074	391.3801849	1.471075516
12.66841262	-0.803089527	-6.735751075	12.93610913	0.873839468	575.6379893	391.3432362	1.470928679
12.71609511	-0.814934505	-6.765514809	12.98773995	0.874059656	576.0104304	391.4771742	1.471376796
12.76456737	-0.826305684	-6.795436529	13.0400026	0.874271036	575.7539335	391.3712022	1.471119822
12.80889333	-0.838150662	-6.823521997	13.08827689	0.874491223	576.3555169	391.541547	1.472016243
12.8555886	-0.849048042	-6.852318324	13.13860462	0.874693796	576.3690488	391.5766457	1.471918857
12.90435703	-0.860419222	-6.882388126	13.19116344	0.874905176	576.3657388	391.6060493	1.471799886
12.95421139	-0.8722642	-6.913237796	13.24496613	0.875125364	576.6080496	391.6567986	1.472227858
12.99616803	-0.88316158	-6.939664807	13.29055523	0.875327936	576.4916878	391.6380793	1.472001111
13.04266587	-0.894532759	-6.968599312	13.34084345	0.875539316	576.9175004	391.8002469	1.472478655
13.08768287	-0.905903938	-6.996793406	13.38965085	0.875750696	577.0967297	391.890416	1.472597201
13.14444774	-0.917275117	-7.030861429	13.45020611	0.875962076	576.9579663	391.7426065	1.47279861
13.1956842	-0.928646296	-7.06216525	13.50523297	0.876173457	577.254163	391.8512917	1.473146
13.24376158	-0.939543676	-7.091652628	13.5569428	0.876376029	577.0792875	391.8238309	1.472802933
13.28937092	-0.951388655	-7.120379786	13.60650047	0.876596217	577.2814466	391.9116903	1.472988586
13.33892911	-0.962759834	-7.150844474	13.65984906	0.876807597	577.491176	391.9810331	1.473263059
13.38710521	-0.973657214	-7.180381212	13.71165762	0.877010169	577.5689853	391.9868205	1.473439807
13.43281327	-0.985028393	-7.208920831	13.76115607	0.877221549	577.7553699	392.0594687	1.473642179
13.4829638	-0.996873371	-7.239918584	13.81525492	0.877441737	577.5752608	391.9792833	1.473484149
13.52896802	-1.007770751	-7.268369386	13.8648916	0.87764431	577.8247856	392.0726543	1.473769668
13.57744028	-1.019615729	-7.298528005	13.91731219	0.877864497	578.0040904	392.1528145	1.473925646
13.62561638	-1.03003931	-7.327827844	13.96896281	0.878058262	577.9075559	392.1411904	1.473723164
13.67221293	-1.042831887	-7.357522408	14.01982356	0.878296065	578.2036983	392.3109525	1.473840316
13.71940181	-1.053729267	-7.386565539	14.0706449	0.878498637	578.1577005	392.2445589	1.473972519
13.76668941	-1.065100446	-7.41589493	14.1217229	0.878710017	578.0763426	392.2483516	1.473750853
13.80864606	-1.075997826	-7.442321941	14.167312	0.87891259	578.3809056	392.3803796	1.474031159
13.85988252	-1.087369005	-7.473625762	14.22233885	0.87912397	578.351183	392.3499181	1.474069845
13.90924327	-1.098266385	-7.503754829	14.27533207	0.879326543	578.6362582	392.4146791	1.47455304
13.96284905	-1.110111363	-7.536480208	14.33288617	0.87954673	578.5237	392.4685187	1.474063963
14.01072899	-1.121482543	-7.566105764	14.3845565	0.87975811	578.4992941	392.3996124	1.474260615
14.05554855	-1.134748918	-7.595148734	14.43379819	0.88000472	578.7835623	392.5043215	1.474591566
14.10342848	-1.144224901	-7.623826692	14.48483678	0.88018087	578.7690164	392.5197839	1.474496421
14.15120969	-1.15559608	-7.653402886	14.53640839	0.88039225	579.0270781	392.6059664	1.474830053
14.20017556	-1.166967259	-7.68357141	14.58916465	0.880603631	579.1977566	392.6934473	1.474936138
14.25042481	-1.177864639	-7.714144724	14.64304636	0.880806203	578.8433322	392.5957788	1.474400295
14.29800858	-1.189235818	-7.743622198	14.69442052	0.881017583	579.2735344	392.7695245	1.474843383
14.34154476	-1.200133198	-7.770838981	14.74158916	0.881220156	578.9483026	392.6408029	1.47449857
14.39455821	-1.211978177	-7.803268195	14.79855094	0.881440343	579.3376021	392.7704884	1.475002881
14.44441258	-1.223349356	-7.833880966	14.85219569	0.881651723	579.3895495	392.8183922	1.474955249
14.48617177	-1.233772937	-7.859972355	14.89742942	0.881845488	579.1880564	392.7408699	1.474733344
14.53681591	-1.245617915	-7.891216912	14.95202188	0.882065676	579.4188884	392.8077799	1.475069788
14.58982936	-1.256515295	-7.923172327	15.00866779	0.882268249	579.1691537	392.795583	1.474479803
14.64037477	-1.267412675	-7.953893723	15.06284566	0.882470821	579.2328856	392.8373809	1.474485153
14.68104803	-1.278783854	-7.979915944	15.10730932	0.882682201	579.5790061	392.8920644	1.475160887
14.73307427	-1.289681234	-8.011377751	15.16296801	0.882884774	579.4441651	392.8870104	1.474836657
14.77631429	-1.301526212	-8.038920251	15.21015636	0.883104961	579.7999957	393.0260936	1.475220106
14.82755075	-1.311949793	-8.069750273	15.26486735	0.883298726	579.4073872	392.9358461	1.474559761
14.87622046	-1.322847173	-8.099533815	15.31716951	0.883501299	579.5902549	392.936193	1.475023847
14.91985536	-1.333744553	-8.126799959	15.36443688	0.883703872	579.5888357	392.915814	1.475096739
14.97030206	-1.344168134	-8.157235095	15.4183581	0.883897637	579.4344575	392.9251256	1.474668887
15.01650372	-1.356013112	-8.186258417	15.46850809	0.884117824	579.8135542	393.0516531	1.475158671
15.06645681	-1.366436693	-8.216446749	15.5219357	0.884311589	579.521881	392.9745777	1.47470578
15.11176998	-1.377807872	-8.244788925	15.57103927	0.884522969	579.7996725	393.0671749	1.475065102
15.15767548	-1.389179052	-8.273427266	15.62073516	0.884734349	579.870996	393.0809964	1.475194683
15.2036797	-1.399602632	-8.301641168	15.67021391	0.884928114	579.6520177	393.0486256	1.47475905
15.25462	-1.410500012	-8.332560007	15.72478667	0.885130687	579.9231663	393.0983865	1.475262139
15.30486925	-1.421397392	-8.363133321	15.77866838	0.88533326	579.7182768	393.060354	1.474883617
15.35067603	-1.432294772	-8.391485402	15.82810762	0.885535832	579.6983118	393.043746	1.474895143
15.39776619	-1.443665952	-8.420716071	15.87898817	0.885747212	579.7437658	393.0487823	1.474991889
15.455617	-1.454563332	-8.455090163	15.94047144	0.885949785	579.5477236	393.0240569	1.474585877
15.49540176	-1.464986912	-8.480194338	15.98373073	0.88614355	580.064637	393.2066384	1.475215778
15.54397275	-1.475884292	-8.509928519	16.03593418	0.886346122	579.7306886	393.1054373	1.474746044
15.59856574	-1.486781672	-8.542673707	16.09415963	0.886548695	579.7099916	393.0885043	1.474756919
15.64121343	-1.497205253	-8.569209343	16.14028185	0.88674246	579.696526	393.1040837	1.474664217
15.68652661	-1.507155035	-8.59684082	16.18891162	0.886927418	579.697896	393.1351284	1.474551253
15.72956918	-1.518526214	-8.624047699	16.23574459	0.887138798	579.8294766	393.1691166	1.474758449
15.78041076	-1.529423594	-8.654917178	16.29021863	0.88734137	579.6942493	393.1037298	1.474659753
15.82631626	-1.539373376	-8.682844819	16.33944072	0.887526328	579.5059103	393.0106862	1.474529652
15.87419619	-1.550270756	-8.712233475	16.39095311	0.8877289	579.8512534	393.1665035	1.474823639
15.92187868	-1.561168136	-8.74152341	16.44226806	0.887931473	579.521798	393.0769151	1.47432163
15.96936373	-1.572065516	-8.770714623	16.49338557	0.888134046	579.7918176	393.1667596	1.474671506
16.01941553	-1.582489097	-8.800952316	16.5469119	0.888327811	579.7088497	393.1592526	1.474488635
16.06551848	-1.59196508	-8.82874178	16.59617351	0.888503961	579.3671948	393.0355767	1.474083338
16.11645878	-1.603336259	-8.859897519	16.6509042	0.888715341	579.5170447	393.0958036	1.474238695
16.16759652	-1.61328604	-8.89044128	16.70535853	0.888900298	579.3517459	392.969413	1.474292214
16.21597006	-1.62418342	-8.92007674	16.75736453	0.889102871	579.3985732	393.0157721	1.474237459
16.27451191	-1.6350808	-8.954796358	16.81953885	0.889305443	579.2218041	393.0280591	1.473741609
16.32091102	-1.645504381	-8.983207703	16.86941248	0.889499209	579.1008824	393.0080629	1.47350891
16.36267022	-1.656401761	-9.009535992	16.91480414	0.889701781	579.3904154	393.0742289	1.473997461
16.41568367	-1.666351543	-9.041017608	16.97113419	0.889886739	579.134149	392.9380697	1.473856044
16.46405721	-1.677248923	-9.070653068	17.02314019	0.890089311	579.1786228	392.9630903	1.473875377
16.50946911	-1.687672504	-9.098570805	17.07202661	0.890283076	579.0327372	392.9550028	1.473534458
16.55024109	-1.698096085	-9.124168588	17.11627312	0.890476841	579.1165693	392.9930618	1.473605072
16.59851591	-1.708519666	-9.153517787	17.16802246	0.890670606	579.1022647	392.9882936	1.473586552
16.64738306	-1.719417046	-9.183400051	17.22052207	0.890873179	578.959187	392.9609121	1.47332513
16.69407833	-1.728419229	-9.211248779	17.27021807	0.891040522	578.9935176	392.9725176	1.47336898
16.73593625	-1.737895212	-9.236915731	17.31523465	0.891216672	579.1190135	393.0043156	1.473569095
16.78658038	-1.749266391	-9.267923387	17.36966918	0.891428052	578.9598226	392.9513329	1.473362664
16.83584242	-1.759689972	-9.297766194	17.42240574	0.891621817	579.1032147	392.9991303	1.473548337
16.8885597	-1.769639754	-9.329099728	17.47843962	0.891806774	578.7400989	392.9085987	1.472963689
16.9381179	-1.779589535	-9.358853718	17.53131441	0.891991732	578.5956462	392.8299408	1.472890903
16.98106176	-1.790013116	-9.385537437	17.5777328	0.892185497	578.7513381	392.9122641	1.472978553
17.02825064	-1.799489099	-9.413869869	17.62808034	0.892361647	578.4138545	392.7491946	1.472730848
17.07524208	-1.80991268	-9.442577378	17.6785463	0.892555412	578.6461419	392.8468537	1.47295603
17.12312201	-1.819862461	-9.471492235	17.72974283	0.89274037	578.4818577	392.8120793	1.4726682
17.17653035	-1.830286042	-9.503408194	17.78662569	0.892934135	578.3966746	392.8345029	1.472367295
17.22510133	-1.839762025	-9.532431676	17.83835534	0.893110285	578.3201068	392.7886693	1.472344169
17.27090811	-1.850185606	-9.560546857	17.88763664	0.89330405	578.1818359	392.722673	1.47223951
17.31947909	-1.860609187	-9.590044139	17.93968215	0.893497815	578.2798022	392.8160995	1.472138751
17.36498971	-1.870558968	-9.617774337	17.98850936	0.893682772	578.0854922	392.6601325	1.472228638
17.41069777	-1.880034951	-9.645366358	18.03737608	0.893858922	577.8171893	392.6012862	1.47176591
17.45986108	-1.889984733	-9.674922905	18.08985599	0.89404388	577.8673539	392.6688257	1.471640518
17.51593489	-1.899934515	-9.707934704	18.1492464	0.894228838	577.5984587	392.619654	1.471139952
17.55947108	-1.910358095	-9.734914588	18.19625711	0.894422603	577.8793793	392.6628002	1.471693726
17.61149732	-1.919834078	-9.765665697	18.25144201	0.894598753	577.5808809	392.5727677	1.471270879
17.65384884	-1.930257659	-9.792053251	18.29726806	0.894792518	577.2848473	392.5242598	1.470698518
17.70488786	-1.939259842	-9.822073853	18.35130781	0.89495986	577.2801573	392.4826415	1.47084252
17.75572944	-1.949209624	-9.852469532	18.40546598	0.895144818	577.0317124	392.4202185	1.47044338
17.80025284	-1.959633205	-9.879943023	18.45346391	0.895338583	577.1386153	392.4557718	1.470582564
17.84813277	-1.969582987	-9.90885788	18.50466044	0.895523541	577.0149881	392.4349548	1.470345547
17.89295234	-1.979058969	-9.936005654	18.55263866	0.895699691	576.7660016	392.3016273	1.470210576
17.94221437	-1.989008751	-9.965611561	18.60521729	0.895884648	576.8111718	392.30665	1.470306893
17.98713266	-1.998484734	-9.992808696	18.65329424	0.896060798	576.4418681	392.1733528	1.469864956
18.0410346	-2.008434515	-10.02473456	18.71051277	0.896245756	576.5579038	392.2323423	1.469939731
18.09385061	-2.017910498	-10.05588055	18.76648744	0.896421906	576.4305023	392.1594492	1.469888086
18.13827529	-2.027386481	-10.08283088	18.81407078	0.896598056	576.1684629	392.0723457	1.469546295
18.18595778	-2.037810062	-10.11188392	18.8652278	0.896791821	576.1753503	392.1050675	1.469441224
18.23739168	-2.046812245	-10.14210196	18.91966243	0.896959164	575.881154	392.0071641	1.469057728
18.28191508	-2.057235826	-10.16957546	18.96766036	0.897152929	575.8353275	392.0117136	1.468923778
18.33088095	-2.066238009	-10.19855948	19.01962696	0.897320271	575.7361877	391.988863	1.468756493
18.37718134	-2.075240193	-10.22621077	19.06892807	0.897487614	575.5220982	391.9577978	1.468326696
18.42397534	-2.085663774	-10.25481956	19.11919659	0.897681379	575.4296901	391.8966501	1.468320002
18.47600157	-2.094192158	-10.28509687	19.17406562	0.897839914	575.1034802	391.8386505	1.467704831
18.52595466	-2.103194342	-10.3145745	19.22701944	0.898007256	574.9814699	391.8285684	1.467431209
18.57472308	-2.113144123	-10.3439336	19.27910446	0.898192214	574.9508574	391.7171332	1.467770513
18.61993753	-2.122620106	-10.37127882	19.32747757	0.898368364	574.5191845	391.6446142	1.466940087
18.66663281	-2.132096089	-10.39936445	19.3773315	0.898544514	574.7267579	391.6730214	1.467363659
18.71559868	-2.141572071	-10.42858537	19.42945603	0.898720664	574.1946921	391.4856321	1.466706936
18.76407094	-2.150574255	-10.4573226	19.48092902	0.898888007	574.1997511	391.5582854	1.46644771
18.80810073	-2.160524036	-10.48431238	19.52827541	0.899072964	574.1420309	391.4680784	1.466638182
18.85963336	-2.16952622	-10.51457979	19.58280876	0.899240307	573.8301213	391.4353995	1.465963789
18.90316954	-2.179002203	-10.54108587	19.62950361	0.899416457	573.8957159	391.4065274	1.466239513
18.95203669	-2.187530587	-10.56978364	19.68121355	0.899574992	573.5608428	391.284788	1.46583987
18.99715242	-2.196058971	-10.5966057	19.72917208	0.899733527	573.3994369	391.231148	1.465628286
19.04779655	-2.205061155	-10.62642885	19.78281694	0.89990087	573.2988069	391.2281117	1.465382445
19.09577521	-2.214063338	-10.65491927	19.83379632	0.900068212	572.9232362	391.1025975	1.464892435
19.14454363	-2.222591723	-10.68356768	19.88540754	0.900226747	573.0579745	391.1371522	1.465107498
19.19479288	-2.232067705	-10.71343029	19.93881545	0.900402897	572.8392325	391.0440082	1.464897097
19.2494846	-2.241069889	-10.74527724	19.99650789	0.90057024	572.5035999	390.9012187	1.464573587
19.2995364	-2.25101967	-10.77527804	20.04987629	0.900755197	572.4003128	390.9078167	1.464284643
19.34386236	-2.260021854	-10.80194211	20.09720298	0.90092254	572.0940365	390.8256306	1.4638089
19.39835663	-2.269497837	-10.83392723	20.15485591	0.90109869	572.1804994	390.8445795	1.463959152
19.44781611	-2.27850002	-10.86315806	20.20731612	0.901266033	571.6768638	390.666991	1.463335467
19.49628837	-2.287028404	-10.89165839	20.25863117	0.901424568	571.5186588	390.573553	1.463280487
19.540022	-2.296030588	-10.91802629	20.30536553	0.90159191	571.4932689	390.5851577	1.463172007
19.58563134	-2.305032771	-10.94533205	20.35397559	0.901759253	571.1773388	390.5307467	1.462566888
19.63834862	-2.314982553	-10.97666559	20.41000947	0.90194421	571.2569873	390.5371472	1.462746864
19.68830171	-2.322563339	-11.00543252	20.46248949	0.90208513	570.8304955	390.3847872	1.462225256
19.73608292	-2.332513121	-11.03429802	20.51358729	0.902270088	570.8425306	390.4599279	1.461974686
19.78031015	-2.341989104	-11.06114963	20.56097319	0.902446238	570.6640547	390.440896	1.461588836
19.83450826	-2.350517488	-11.09251287	20.61801409	0.902604773	570.4197375	390.3291119	1.461381486
19.87982143	-2.359993471	-11.11990745	20.66648592	0.902780923	570.4072832	390.3050545	1.461439653
19.92691159	-2.368995654	-11.14795362	20.71657681	0.902948266	570.0508987	390.1862596	1.460971228
19.9705465	-2.377050239	-11.17379837	20.76289658	0.903097993	569.8983073	390.1253618	1.460808148
20.02277018	-2.386052423	-11.2044113	20.81812099	0.903265336	569.621146	389.9923527	1.460595681
20.07222966	-2.395054606	-11.23364213	20.87058119	0.903432678	569.5082368	389.9955003	1.460294379
20.1288958	-2.403582991	-11.2662394	20.93009013	0.903591213	569.3896287	389.9659173	1.460101007
20.1826003	-2.412585174	-11.29759274	20.98679536	0.903758556	568.9856561	389.8819158	1.459379451
20.23314572	-2.42016596	-11.32665584	21.0398677	0.903899476	568.9153135	389.8484342	1.459324352
20.2794461	-2.429641943	-11.35454402	21.08932675	0.904075626	568.7344768	389.7878313	1.459087306
20.32416695	-2.437696528	-11.38093174	21.13673246	0.904225354	568.4860883	389.7960702	1.45841924
20.37540341	-2.446698711	-11.41105106	21.19096965	0.904392696	568.4452037	389.741982	1.458516737
20.42535649	-2.454753297	-11.4400549	21.24360759	0.904542424	567.885548	389.5254091	1.457890897
20.47728401	-2.46375548	-11.47051974	21.29853584	0.904709766	567.7096887	389.4969723	1.457545832
20.53345655	-2.471810065	-11.50263331	21.35739324	0.904859494	567.8247432	389.5759458	1.457545696
20.57679529	-2.48033845	-11.52856687	21.40357477	0.905018029	567.5109403	389.4003778	1.457396994
20.61875193	-2.488866834	-11.55380938	21.44837421	0.905176564	567.3793151	389.3364348	1.457298276
20.66722419	-2.49644762	-11.58183591	21.4993734	0.905317484	566.9335269	389.2591297	1.456442466
20.7150054	-2.505449804	-11.6102276	21.55015534	0.905484826	567.0154762	389.2660541	1.456627081
20.76545209	-2.513978188	-11.63971514	21.60344482	0.905643361	566.707856	389.2954951	1.455726725
20.81234481	-2.522032773	-11.66718879	21.6530224	0.905793089	566.3995615	389.0304042	1.455926209
20.85825031	-2.530087359	-11.69416884	21.70161277	0.905942817	566.5561805	389.1739696	1.455791561
20.90790723	-2.538141944	-11.72302459	21.75395455	0.906092544	566.0418314	388.9820469	1.455187549
20.96062452	-2.547144127	-11.75388432	21.80967256	0.906259887	565.9292287	388.9849726	1.454887125
21.00544408	-2.555198712	-11.7803214	21.85717699	0.906409614	565.7352409	388.930749	1.45459119
21.0559895	-2.563253298	-11.8096214	21.91040726	0.906559342	565.5999538	388.8553083	1.454525479
21.10752212	-2.571781682	-11.8396519	21.96478268	0.906717877	565.3833622	388.7833541	1.454237575
21.15648799	-2.579836267	-11.86816213	22.01643341	0.906867604	565.1590597	388.7288166	1.453864585
21.20308454	-2.587417053	-11.8952508	22.0655569	0.907008524	565.2104733	388.7665085	1.453855877
21.24760795	-2.594997839	-11.92130289	22.11260723	0.907149444	564.9347444	388.6644029	1.453528392
21.29775847	-2.602578626	-11.95016855	22.16528468	0.907290365	564.760785	388.6370044	1.45318325
21.35373357	-2.610633211	-11.98218339	22.22394464	0.907440092	564.74106	388.6203144	1.453194903
21.4029956	-2.618687796	-12.0108417	22.27589153	0.90758982	564.1300478	388.4062857	1.45242255
21.45334357	-2.62721618	-12.04027988	22.3290823	0.907748355	564.2609687	388.470237	1.452520464
21.50181583	-2.634323167	-12.0680695	22.37992355	0.907880467	563.8169938	388.3426373	1.45185447
21.55186764	-2.642377753	-12.09712269	22.43266022	0.908030195	563.7108083	388.2668632	1.451864328
21.60616447	-2.650432338	-12.1282984	22.48964191	0.908179922	563.5312708	388.2170513	1.451588149
21.6526623	-2.657539325	-12.15510081	22.53850874	0.908312035	563.0872937	388.07885	1.450961045
21.70340515	-2.665120111	-12.18426263	22.59177852	0.908452955	563.2182784	388.0821325	1.45128629
21.74852088	-2.673174696	-12.21084779	22.63957912	0.908602682	563.0615098	388.0904853	1.450851106
21.80498959	-2.680755482	-12.24287253	22.69857475	0.908743603	562.5854128	387.9423063	1.450178038
21.85178358	-2.688336268	-12.27005993	22.74789567	0.908884523	562.6445752	387.9824191	1.450180594
21.90844973	-2.696390853	-12.30242029	22.80724668	0.90903425	562.0092471	387.7807581	1.449296375
21.95672455	-2.703024041	-12.32987429	22.85773256	0.909157555	562.2594463	387.8643198	1.449629207
22.00016201	-2.711078626	-12.35562032	22.90385489	0.909307283	562.0150568	387.7522687	1.449417843
22.04429053	-2.719133212	-12.38171187	22.95066826	0.90945701	561.5123649	387.5743467	1.4487862
22.09937713	-2.726713998	-12.41304556	23.00828179	0.90959793	561.4677844	387.6103855	1.448536482
22.14715834	-2.732873387	-12.44001586	23.05811613	0.909712428	560.9633258	387.4222457	1.44793783
22.19355745	-2.740454173	-12.46700581	23.10704217	0.909853348	561.0789911	387.5015038	1.447940164
22.24479391	-2.748508758	-12.49665133	23.1609635	0.910003075	560.6795876	387.3381053	1.447519828
22.29020581	-2.755141946	-12.52267388	23.20858645	0.91012638	560.540267	387.3321251	1.447182484
22.33828318	-2.763196531	-12.55073986	23.25934869	0.910276108	560.3597083	387.2416748	1.447054242
22.38636676	-2.770303518	-12.57833514	23.30980126	0.910408221	559.9320395	387.0688546	1.446595439
22.43445033	-2.777884304	-12.60616732	23.36041177	0.910549141	560.0894917	387.1719946	1.446616748
22.48253391	-2.784517492	-12.6335257	23.41070641	0.910672446	559.8180095	387.0917776	1.446215192
22.53061749	-2.792098278	-12.66135788	23.46131692	0.910813366	559.4993525	386.9855586	1.445788713
22.57870107	-2.799205265	-12.68895317	23.51176949	0.910945478	559.4484978	386.958249	1.445759327
22.62678464	-2.806312252	-12.71654845	23.56222206	0.911077591	559.1461039	386.887796	1.445240997
22.67486822	-2.813419239	-12.74414373	23.61267464	0.911209703	559.1782567	386.8175126	1.445586713
22.7229518	-2.821000025	-12.77197591	23.66328514	0.911350623	558.7754055	386.7643109	1.444743969
22.77103538	-2.828107012	-12.79957119	23.71373771	0.911482736	558.4726629	386.6025447	1.444565408
22.81911895	-2.835213999	-12.82716648	23.76419029	0.911614849	558.3368149	386.587445	1.444270429
22.86720253	-2.841847187	-12.85452486	23.81448493	0.911738154	558.0642103	386.4964148	1.44390527
22.91528611	-2.849427973	-12.88235704	23.86509543	0.911879074	558.1476023	386.5448472	1.443940092
22.96336969	-2.856061161	-12.90971542	23.91539007	0.912002379	557.5274385	386.3174909	1.443184561
23.01145326	-2.862694348	-12.93707381	23.96568471	0.912125684	557.3655143	386.3144962	1.442776597
23.05953684	-2.869801335	-12.96466909	24.01613729	0.912257796	557.339418	386.3258654	1.442666588
23.10762042	-2.877382121	-12.99250127	24.06674779	0.912398716	556.9639235	386.2011866	1.442160052
23.155704	-2.884489108	-13.02009655	24.11720037	0.912530829	556.9233285	386.1877359	1.442105165
23.20378757	-2.890648497	-13.04721804	24.16733707	0.912645326	556.5968729	386.0991474	1.441590526
23.25187115	-2.897755484	-13.07481332	24.21778965	0.912777439	556.3067444	386.0027619	1.44119887
23.29995473	-2.90533627	-13.1026455	24.26840015	0.912918359	556.2488632	386.0035361	1.44104603
23.34803831	-2.911495659	-13.12976698	24.31853686	0.913032856	555.8668771	385.8660924	1.440569379
23.39612188	-2.918128847	-13.15712537	24.3688315	0.913156162	555.7997321	385.8944478	1.440289528
23.44420546	-2.924762034	-13.18448375	24.41912614	0.913279467	555.2771805	385.6897569	1.43969906
23.49228904	-2.931395222	-13.21184213	24.46942078	0.913402772	555.0717827	385.611338	1.439459186
23.54037262	-2.937554611	-13.23896361	24.51955749	0.913517269	554.896279	385.6239657	1.438956933
23.58845619	-2.944187799	-13.266322	24.56985213	0.913640574	554.4703068	385.400893	1.438684541
23.63653977	-2.951768585	-13.29415418	24.62046263	0.913781494	554.644348	385.4993667	1.438768506
23.68462335	-2.957927974	-13.32127566	24.67059934	0.913895992	553.9184297	385.26759	1.437749876
23.73270693	-2.964087362	-13.34839714	24.72073605	0.914010489	553.7010849	385.1750737	1.437530938
23.7807905	-2.97072055	-13.37575553	24.77103069	0.914133794	553.6868361	385.2514061	1.437209125
23.82887408	-2.976879939	-13.40287701	24.82116739	0.914248292	553.4004259	385.115395	1.436973003
23.87695766	-2.983986926	-13.43047229	24.87161997	0.914380404	553.4239983	385.1028605	1.437080985
23.92504124	-2.990146315	-13.45759377	24.92175667	0.914494902	552.9181099	384.964657	1.436282785
23.97312481	-2.995831904	-13.48447836	24.97173545	0.914600592	552.8118057	384.9188643	1.436177483
24.02120839	-3.002938891	-13.51207364	25.02218802	0.914732705	552.6154955	384.8635426	1.435873847
24.06929197	-3.00909828	-13.53919512	25.07232473	0.914847202	552.1780889	384.7079494	1.435317596
24.11737554	-3.015731468	-13.56655351	25.12261937	0.914970507	552.3527446	384.8068709	1.4354025
24.16545912	-3.021417057	-13.59343809	25.17259814	0.915076197	551.7675931	384.5809894	1.434724046
24.2135427	-3.028050245	-13.62079647	25.22289278	0.915199502	551.6004165	384.5356219	1.434458565
24.26162628	-3.034209634	-13.64791796	25.27302949	0.915314	551.326507	384.4140547	1.434199661
24.30970985	-3.040369022	-13.67503944	25.3231662	0.915428497	550.9707885	384.2652989	1.433829154
24.35779343	-3.04700221	-13.70239782	25.37346084	0.915551802	550.966346	384.3346231	1.433558969
24.40587701	-3.0526878	-13.7292824	25.42343961	0.915657492	550.5993324	384.1010202	1.433475319
24.45396059	-3.059320988	-13.75664079	25.47373425	0.915780797	550.5262354	384.1271485	1.43318752
24.50204416	-3.065480376	-13.78376227	25.52387096	0.915895295	550.2108532	384.0119871	1.432796037
24.55012774	-3.070692167	-13.81040995	25.5736918	0.915992177	549.9004777	383.9490696	1.432222451
24.59821132	-3.076851555	-13.83753144	25.6238285	0.916106675	549.8290837	383.9252716	1.432125271
24.6462949	-3.082537145	-13.86441602	25.67380728	0.916212365	549.2313342	383.6650078	1.431538772
24.69437847	-3.088696534	-13.8915375	25.72394399	0.916326863	549.3084883	383.7213948	1.431529479
24.74246205	-3.094382123	-13.91842209	25.77392276	0.916432553	549.0627959	383.6598894	1.43111858
24.79054563	-3.101015311	-13.94578047	25.8242174	0.916555858	548.784868	383.5873957	1.430664496
24.83862921	-3.106227102	-13.97242815	25.87403824	0.91665274	548.7441272	383.5534235	1.430684994
24.88671278	-3.111912691	-13.99931274	25.92401701	0.91675843	548.3358284	383.3767019	1.430279476
24.93479636	-3.11807208	-14.02643422	25.97415372	0.916872928	548.3974016	383.4378483	1.430211973
24.98287994	-3.124231469	-14.0535557	26.02429043	0.916987425	547.9999028	383.2444967	1.429896339
25.03096352	-3.129443259	-14.08020339	26.07411127	0.917084308	547.6479278	383.1677937	1.429263985
25.07904709	-3.135128849	-14.10708797	26.12409004	0.917189998	547.5627678	383.200421	1.428920058
25.12713067	-3.141762036	-14.13444635	26.17438468	0.917313303	547.0684999	382.964536	1.428509557
25.17521425	-3.147447626	-14.16133094	26.22436346	0.917418993	547.090461	383.0126404	1.428387482
25.22329783	-3.152659416	-14.18797862	26.2741843	0.917515875	546.6709535	382.8727236	1.427813787
25.2713814	-3.158818805	-14.2151001	26.324321	0.917630373	546.327095	382.8193611	1.427114589
25.31946498	-3.164030596	-14.24174779	26.37414185	0.917727256	546.176113	382.6879517	1.427210108
25.36754856	-3.169242386	-14.26839547	26.42396269	0.917824138	545.863931	382.6953181	1.426366891
25.41563214	-3.174927976	-14.29528006	26.47394146	0.917929828	545.8172038	382.5778633	1.42668266
25.46371571	-3.180613565	-14.32216464	26.52392023	0.918035518	545.5557878	382.4906437	1.426324531
25.51179929	-3.186772954	-14.34928612	26.57405694	0.918150016	545.1445402	382.3838251	1.425647489
25.55988287	-3.192458543	-14.37617071	26.62403572	0.918255706	545.0969363	382.3682002	1.425581249
25.60796645	-3.197670334	-14.40281839	26.67385656	0.918352588	544.7306904	382.2769492	1.424963476
25.65605002	-3.203355923	-14.42970297	26.72383533	0.918458278	544.8159966	382.3048176	1.425082739
25.7041336	-3.208567714	-14.45635066	26.77365617	0.918555161	544.5028535	382.2311866	1.424538009
25.75221718	-3.214727103	-14.48347214	26.82379288	0.918669658	544.2913407	382.1202223	1.424398158
25.80030075	-3.219938893	-14.51011982	26.87361372	0.918766541	544.0979492	382.0451575	1.424171825
25.84838433	-3.224676884	-14.53653061	26.92327663	0.918854616	543.7337166	381.9850846	1.423442272
25.89646791	-3.230836273	-14.56365209	26.97341333	0.918969113	543.7612326	382.0144866	1.423404744
25.94455149	-3.236048063	-14.59029978	27.02323417	0.919065996	543.2878837	381.8059666	1.422942361
25.99263506	-3.241733653	-14.61718436	27.07321295	0.919171686	543.224155	381.7745277	1.422892612
26.04071864	-3.246945443	-14.64383204	27.12303379	0.919268569	543.0828364	381.8085845	1.422395563
26.08880222	-3.251683435	-14.67024283	27.1726967	0.919356644	542.5986947	381.62746	1.421802023
26.1368858	-3.256895225	-14.69689051	27.22251754	0.919453526	542.602891	381.5880747	1.42195977
26.18496937	-3.262580815	-14.72377509	27.27249631	0.919559216	542.1270514	381.3987115	1.421418151
26.23305295	-3.267792605	-14.75042278	27.32231715	0.919656099	542.0378868	381.349003	1.421369618
26.28113653	-3.273004396	-14.77707046	27.37213799	0.919752981	541.776327	381.3023574	1.420857533
26.32922011	-3.279163784	-14.80419195	27.4222747	0.919867479	541.3642141	381.1849734	1.420213943
26.37730368	-3.284375575	-14.83083963	27.47209554	0.919964361	541.5121334	381.2545909	1.420342591
26.42538726	-3.289113566	-14.85725041	27.52175845	0.920052436	541.041211	381.0670287	1.419805888
26.47347084	-3.294325357	-14.8838981	27.57157929	0.920149319	540.858272	381.0773401	1.419287413
26.52155442	-3.300010946	-14.91078268	27.62155806	0.920255009	540.7385431	381.0170384	1.419197801
26.56963799	-3.304748937	-14.93719347	27.67122097	0.920343084	540.3599047	380.9111366	1.418598336
26.61772157	-3.309960728	-14.96384115	27.72104181	0.920439966	540.360683	380.9118011	1.418597905
26.66580515	-3.315172518	-14.99048883	27.77086265	0.920536849	539.7688401	380.6942091	1.417854087
26.71388873	-3.320384309	-15.01713652	27.8206835	0.920633732	539.5586524	380.5936395	1.417676483
26.7619723	-3.3251223	-15.0435473	27.8703464	0.920721807	539.4558526	380.5797649	1.417458053
26.81005588	-3.33033409	-15.07019499	27.92016724	0.920818689	539.2845747	380.5429833	1.41714497
26.85813946	-3.335072082	-15.09660577	27.96983015	0.920906764	539.1679947	380.5144003	1.416945047
26.90622304	-3.339810073	-15.12301655	28.01949306	0.920994839	538.7101691	380.3108928	1.416499446
26.95430661	-3.344548064	-15.14942734	28.06915597	0.921082914	538.3048999	380.175398	1.415938282
27.00239019	-3.350233654	-15.17631192	28.11913474	0.921188604	538.3137593	380.1688032	1.415986148
27.05047377	-3.355445444	-15.20295961	28.16895558	0.921285487	537.8142876	379.9817586	1.4153687
27.09855735	-3.360183436	-15.22937039	28.21861849	0.921373562	537.9712291	380.0644984	1.415473509
27.14664092	-3.364921427	-15.25578117	28.2682814	0.921461637	537.3827059	379.929581	1.414427127
27.1947245	-3.370133217	-15.28242886	28.31810224	0.921558519	537.5101535	379.9515096	1.414680926
27.24280808	-3.375345008	-15.30907654	28.36792308	0.921655402	537.1280785	379.8040022	1.414224377
27.29089165	-3.380556798	-15.33572423	28.41774392	0.921752284	536.7069286	379.6631329	1.413639835
27.33897523	-3.38482099	-15.36189811	28.4672489	0.921831552	536.6816483	379.6446722	1.413641986
27.38705881	-3.390032781	-15.3885458	28.51706974	0.921928434	536.0390747	379.531874	1.412369056
27.43514239	-3.394770772	-15.41495658	28.56673264	0.92201651	535.9588015	379.5153932	1.412218875
27.48322596	-3.400456362	-15.44184116	28.61671142	0.9221222	535.6652148	379.387267	1.411921963
27.53130954	-3.404720554	-15.46801505	28.66621639	0.922201467	535.3918905	379.3269899	1.411425774
27.57939312	-3.409458545	-15.49442583	28.7158793	0.922289542	535.141964	379.1824241	1.411304771
27.6274767	-3.413722737	-15.52059972	28.76538428	0.92236881	534.6348725	379.0238326	1.410557402
27.67556027	-3.418934528	-15.5472474	28.81520512	0.922465692	534.5898064	379.0393985	1.410380579
27.72364385	-3.423672519	-15.57365819	28.86486802	0.922553767	534.3912877	378.9936986	1.410026841
27.77172743	-3.427936711	-15.59983207	28.914373	0.922633035	533.9231338	378.8372423	1.409373404
27.81981101	-3.432674703	-15.62624285	28.96403591	0.92272111	533.8537259	378.7941194	1.409350617
27.86789458	-3.437886493	-15.65289054	29.01385675	0.922817992	533.3031596	378.5799283	1.408693699
27.91597816	-3.442150685	-15.67906442	29.06336172	0.92289726	533.4424094	378.6468179	1.408812604
27.96406174	-3.446414877	-15.70523831	29.1128667	0.922976527	533.0646027	378.5408693	1.408208851
28.01214532	-3.45067907	-15.73141219	29.16237167	0.923055795	532.6739273	378.3398392	1.407924496
28.06022889	-3.455417061	-15.75782298	29.21203458	0.92314387	532.5386745	378.3252619	1.407621241
28.10831247	-3.459681253	-15.78399686	29.26153956	0.923223137	532.0706286	378.1792806	1.406926968
28.15639605	-3.464893044	-15.81064455	29.3113604	0.92332002	531.8939321	378.1202198	1.406679422
28.20447963	-3.469157236	-15.83681843	29.36086537	0.923399287	531.7218473	378.1037232	1.406285669
28.2525632	-3.473895227	-15.86322922	29.41052828	0.923487363	531.3542605	377.9503632	1.405883714
28.30064678	-3.479107018	-15.8898769	29.46034912	0.923584245	531.3952835	377.9644426	1.405939881
28.34873036	-3.482423611	-15.91557698	29.50953823	0.923645898	530.8807049	377.7926734	1.405217047
28.39681394	-3.487161603	-15.94198777	29.55920114	0.923733973	530.8849422	377.8044438	1.405184483
28.44489751	-3.491425795	-15.96816165	29.60870611	0.92381324	530.5962984	377.7589662	1.404589555
28.49298109	-3.495216188	-15.99409864	29.65805315	0.9238837	530.1178645	377.5385552	1.404142324
28.54106467	-3.500427978	-16.02074632	29.70787399	0.923980583	529.9906964	377.5065239	1.403924602
28.58914825	-3.504692171	-16.04692021	29.75737897	0.92405985	529.4971472	377.3117435	1.403341286
28.63723182	-3.509430162	-16.07333099	29.80704188	0.924147925	529.5764937	377.4190313	1.403152596
28.6853154	-3.513220555	-16.09926798	29.85638892	0.924218385	529.353548	377.2939791	1.403026757
28.73339898	-3.517484747	-16.12544186	29.90589389	0.924297653	528.9620807	377.244572	1.402172808
28.78148256	-3.521748939	-16.15161575	29.95539887	0.92437692	528.672688	377.1379117	1.401802024
28.82956613	-3.525539332	-16.17755273	30.00474591	0.92444738	528.4493369	377.0739814	1.401447363
28.87764971	-3.530751123	-16.20420042	30.05456675	0.924544263	528.3840959	377.0522344	1.401355164
28.92573329	-3.534541516	-16.2301374	30.10391379	0.924614723	527.9820896	376.9281043	1.400750126
28.97381686	-3.538805708	-16.25631129	30.15341877	0.92469399	527.6921822	376.8417455	1.40030182
29.02190044	-3.5430699	-16.28248517	30.20292374	0.924773258	527.6817422	376.8383465	1.400286747
29.06998402	-3.546860293	-16.30842216	30.25227078	0.924843718	527.1398863	376.6374978	1.399594807
29.1180676	-3.551598285	-16.33483294	30.30193369	0.924931793	527.1517994	376.6413879	1.399611982
29.16615117	-3.555388678	-16.36076993	30.35128073	0.925002253	526.6100763	376.4303875	1.3989574
29.21423475	-3.55965287	-16.38694381	30.40078571	0.925081521	526.5096945	376.4373059	1.398665027
29.26231833	-3.562969464	-16.4126439	30.44997482	0.925143173	526.2998011	376.3372394	1.398479199
29.31040191	-3.568181254	-16.43929158	30.49979566	0.925240056	525.9535431	376.2422121	1.397912106
29.35848548	-3.571497848	-16.46499167	30.54898477	0.925301708	525.8318294	376.2526209	1.397549944
29.40656906	-3.57576204	-16.49116555	30.59848974	0.925380976	525.4396431	376.0609591	1.397219335
29.45465264	-3.579552433	-16.51710254	30.64783678	0.925451436	525.3655462	376.0055911	1.397228016
29.50273622	-3.583816625	-16.54327642	30.69734176	0.925530703	525.0741601	375.9085434	1.396813585
29.55081979	-3.588080818	-16.56945031	30.74684673	0.925609971	524.580961	375.7748127	1.395998197
29.59890337	-3.59234501	-16.59562419	30.79635171	0.925689238	524.6674727	375.79313	1.396160363
29.64698695	-3.595661604	-16.62132428	30.84554082	0.925750891	524.3301094	375.6707225	1.395717254
29.69507053	-3.599925796	-16.64749816	30.89504579	0.925830158	524.1514636	375.6212889	1.395425337
29.7431541	-3.603716189	-16.67343515	30.94439283	0.925900618	523.9372405	375.5803882	1.39500692
29.79123768	-3.607032783	-16.69913523	30.99358194	0.925962271	523.5242131	375.4222394	1.394494407
29.83932126	-3.612244573	-16.72578292	31.04340278	0.926059153	523.5033826	375.3748359	1.394615015
