eps1        epsv      eps3             epsq       Void ratio    q           p          eta = q/p  
[%]         [%]       [%]              [%]        [%]           [kPa]       [kPa]      [-]

0	0	0	0	0.847616879	1.74	299.03	0.01
0.014194472	0.008012741	-0.003090865	0.011523558	0.847468834	14.86205312	303.4185991	0.048982011
0.041646075	0.02686625	-0.007389912	0.032690658	0.847120493	33.13801459	309.4397003	0.107090378
0.078083634	0.047133773	-0.015474931	0.062372377	0.846746027	54.40749182	316.509377	0.171898515
0.110768816	0.069757983	-0.020505416	0.087516155	0.846328018	74.81038022	323.3608338	0.231352633
0.147700109	0.096624234	-0.025537938	0.115492031	0.845831633	94.62131577	329.913904	0.286806087
0.190259968	0.122547809	-0.03385608	0.149410699	0.845352665	113.4497599	336.220316	0.337426843
0.233708548	0.148471383	-0.042618582	0.184218087	0.844873696	130.7491597	341.9665526	0.382344878
0.274688459	0.172980945	-0.050853757	0.217028144	0.844420854	147.2336367	347.4511013	0.423753547
0.318828266	0.198433182	-0.060197542	0.252683872	0.843950594	163.3241369	352.7742224	0.462970723
0.362375593	0.222942744	-0.069716424	0.288061345	0.843497751	178.1320652	357.6490225	0.498063895
0.397233204	0.245566955	-0.075833124	0.315377552	0.843079742	192.6897622	362.5422911	0.531495958
0.436633166	0.269133841	-0.083749663	0.346921886	0.842644316	206.481728	367.1190591	0.562438051
0.472182004	0.290344039	-0.090918983	0.375400658	0.842252433	219.3156303	371.3768775	0.590547348
0.510791992	0.312025574	-0.099383209	0.406783468	0.841851842	232.0477581	375.5903321	0.617821435
0.553351851	0.331350421	-0.111000715	0.442901711	0.841494792	244.079366	379.6414091	0.64292082
0.598182886	0.352560618	-0.122811134	0.48066268	0.841102909	255.8652021	383.5497101	0.667097889
0.632250523	0.371885465	-0.130182529	0.508288701	0.84074586	267.5773571	387.4334508	0.690640823
0.678957746	0.388382285	-0.14528773	0.549496984	0.840441062	278.6358978	391.139942	0.712368817
0.720530138	0.407707132	-0.156411503	0.58462776	0.840084013	289.5086667	394.7537593	0.733390525
0.7599301	0.429388667	-0.165270716	0.616800544	0.839683421	300.0777984	398.3276212	0.753344188
0.803181186	0.449184852	-0.176998167	0.653452902	0.839317664	310.202621	401.6823321	0.772258564
0.844753578	0.467095685	-0.188828946	0.689055016	0.83898674	320.3219338	405.0250103	0.790869516
0.886720956	0.484535181	-0.201092887	0.725209229	0.838664525	329.9193181	408.2344964	0.808161292
0.926614652	0.501974677	-0.212319988	0.75928976	0.83834231	339.5189768	411.4343017	0.825208242
0.973124382	0.518471498	-0.227326442	0.80030055	0.838037512	348.8857013	414.5154352	0.841671194
1.018745391	0.533082967	-0.242831212	0.841051069	0.837767548	357.6192766	417.4369849	0.856702423
1.062983945	0.548637112	-0.257173417	0.880104908	0.837480167	366.4475635	420.4097682	0.871643789
1.113246053	0.563719919	-0.274763067	0.925339413	0.837201494	374.9709653	423.2606932	0.8859102
1.14820241	0.577860051	-0.28517118	0.955582393	0.836940239	383.3422648	426.0313823	0.899798186
1.201426921	0.592000183	-0.304713369	1.004093527	0.836678983	391.655877	428.7926334	0.913392271
1.245764222	0.606140314	-0.319811954	1.04371745	0.836417728	399.3392812	431.3131461	0.925868559
1.285954158	0.619337771	-0.333308194	1.079508235	0.83617389	407.3424248	433.9811037	0.938617883
1.327724043	0.631592552	-0.348065746	1.117193193	0.835947468	414.7812721	436.4403274	0.950373387
1.372061344	0.642904657	-0.364578344	1.157759792	0.835738464	421.9809398	438.7793647	0.961715554
1.419262302	0.655630775	-0.381815763	1.20071871	0.835503334	429.4620088	441.2626963	0.973257002
1.465772031	0.666471543	-0.399650244	1.24361485	0.835303038	436.2009282	443.5393478	0.983454862
1.512479255	0.677783649	-0.417347803	1.286551372	0.835094034	443.1188401	445.8453994	0.993884518
1.557409037	0.687681741	-0.434863648	1.32818179	0.834911155	450.0150594	448.1236662	1.004220695
1.596710252	0.698522508	-0.449093872	1.363869416	0.834710859	456.5347498	450.3375183	1.013761304
1.642824995	0.708420601	-0.467202197	1.406684795	0.83452798	463.1419225	452.4788142	1.023565984
1.690322193	0.717847355	-0.486237419	1.451039741	0.83435381	469.2605653	454.5589028	1.0323427
1.72804346	0.72727411	-0.500384675	1.485618757	0.83417964	475.6405871	456.6245628	1.041644769
1.772775748	0.735758189	-0.51850878	1.527523018	0.834022886	481.7041788	458.646165	1.05027408
1.819482971	0.744242268	-0.537620352	1.571402215	0.833866133	487.4797584	460.5917502	1.058377095
1.872312495	0.752726347	-0.559793074	1.621403713	0.83370938	493.4933086	462.5861519	1.066813839
1.912996165	0.76026775	-0.576364207	1.659573582	0.833570043	499.1573929	464.484457	1.074648216
1.96088835	0.766866479	-0.597010936	1.70526619	0.833448124	504.5752274	466.3206659	1.082034884
2.004929411	0.773936544	-0.615496433	1.746950562	0.833317496	510.2474518	468.1909343	1.089827706
2.04778551	0.780535273	-0.633625119	1.787607086	0.833195577	515.3183658	469.86109	1.096746202
2.102589969	0.786662663	-0.657963653	1.840369081	0.833082367	520.7741771	471.7100388	1.104013344
2.146236042	0.793261391	-0.676487326	1.881815579	0.832960447	525.9776309	473.3735564	1.111125925
2.193042013	0.799388782	-0.696826616	1.926579085	0.832847237	530.9391427	475.0477856	1.117654179
2.236589339	0.805516172	-0.715536584	1.968083949	0.832734026	536.2594144	476.8211285	1.124655311
2.283494056	0.810700887	-0.736396585	2.013260427	0.832638232	541.0975957	478.4135446	1.131024825
2.329016319	0.815885602	-0.756565358	2.057054451	0.832542439	545.6123481	479.9387731	1.136837402
2.371378684	0.821070317	-0.775154184	2.097688579	0.832446645	550.6491182	481.6482845	1.143259793
2.412852329	0.825783694	-0.793534317	2.137591097	0.83235956	555.1218927	483.0987493	1.149085758
2.456004668	0.830025734	-0.812989467	2.179329424	0.832281183	559.8689739	484.6609607	1.155176545
2.506365523	0.834739111	-0.835813206	2.228119152	0.832194098	564.2829909	486.1422527	1.160736364
2.554257707	0.8370958	-0.858580954	2.275225774	0.832150555	568.6572529	487.650996	1.166115229
2.595237618	0.841809177	-0.876714221	2.314634559	0.83206347	573.0633407	489.0993	1.171670744
2.634933821	0.844637203	-0.895148309	2.353388086	0.832011219	577.2996608	490.4606697	1.177055973
2.679073628	0.84746523	-0.915804199	2.396585218	0.831958968	581.5784242	491.8971201	1.182317197
2.724990877	0.850293256	-0.937348811	2.441559792	0.831906717	585.7521828	493.31888	1.187370292
2.774857998	0.853121282	-0.960868358	2.490484237	0.831854466	589.6449202	494.6368511	1.192076407
2.821367728	0.855006633	-0.983180547	2.536365517	0.831819632	593.8918074	496.0523992	1.197236035
2.862446385	0.857363322	-1.002541532	2.576658611	0.831776089	597.5927785	497.2757792	1.20173313
2.909252355	0.85972001	-1.024766172	2.622679019	0.831732547	601.3634603	498.5124432	1.206315847
2.954182137	0.860191348	-1.046995394	2.667451688	0.831723838	605.4915578	499.8884757	1.211253284
3.002173068	0.861605361	-1.070283854	2.714971281	0.831697713	608.9527867	501.0522526	1.215347867
3.047695331	0.863019374	-1.092337978	2.760022206	0.831671587	612.8767546	502.3809579	1.219944237
3.088675241	0.86396205	-1.112356596	2.800687891	0.83165417	616.5885702	503.6484128	1.224244045
3.134394997	0.864904725	-1.134745136	2.846093422	0.831636753	619.9605041	504.7523228	1.228246956
3.181102221	0.865376063	-1.157863079	2.892643533	0.831628045	623.7698786	506.0320673	1.232668676
3.221687144	0.866318739	-1.177684203	2.932914231	0.831610627	627.1140549	507.1467927	1.236553329
3.265333218	0.865376063	-1.199978577	2.97687453	0.831628045	630.5672585	508.2674346	1.240621011
3.31974269	0.865376063	-1.227183313	3.031284002	0.831628045	634.060352	509.4623061	1.244567742
3.365462445	0.864904725	-1.25027886	3.07716087	0.831636753	637.1900719	510.546168	1.248055733
3.408022304	0.864433388	-1.271794458	3.119877842	0.831645462	640.5889525	511.6080802	1.252108747
3.454630781	0.863490712	-1.295570034	3.166800544	0.831662879	643.9006253	512.7323632	1.255822085
3.490870847	0.861605361	-1.314632743	3.20366906	0.831697713	646.9670079	513.6938817	1.25944075
3.539256765	0.860662686	-1.33929704	3.252369203	0.83171513	650.3856466	514.9046379	1.263118641
3.584779028	0.858305997	-1.363236515	3.298677029	0.831758672	653.1650865	515.8006109	1.266313131
3.629807556	0.856420646	-1.386693455	3.344334007	0.831793506	656.3959672	516.8777331	1.269925023
3.676218539	0.854063958	-1.411077291	3.391530553	0.831837049	659.4675117	517.8710743	1.273420248
3.719074639	0.850764594	-1.434155022	3.435486441	0.831898008	662.2315351	518.8227604	1.27641188
3.763609433	0.847936567	-1.457836433	3.480963911	0.83195026	665.3420848	519.8495763	1.279874247
3.811007884	0.844165865	-1.483421009	3.529619262	0.832019928	668.2441726	520.8269729	1.28304448
3.864824875	0.841337839	-1.511743518	3.584378929	0.832072179	670.9256604	521.7309982	1.285960893
3.910347137	0.837567137	-1.53639	3.631158092	0.832141847	674.0483393	522.8121082	1.289274538
3.953203237	0.834267773	-1.559467732	3.675113979	0.832202807	676.4038149	523.5665167	1.291915723
4.003860331	0.830025734	-1.586917299	3.727185087	0.832281183	679.2483831	524.5354221	1.294952361
4.044247761	0.825783694	-1.609232033	3.76898653	0.83235956	682.0196006	525.4488033	1.297975362
4.088190075	0.82248433	-1.632852872	3.814028632	0.832420519	684.7156232	526.3577545	1.300855962
4.138847169	0.817770953	-1.660538108	3.866256852	0.832507605	687.4220194	527.2600485	1.303762766
4.184270685	0.813528913	-1.685370886	3.91309438	0.832585981	689.8987073	528.0653812	1.306464563
4.240260105	0.810229549	-1.715015278	3.970183589	0.832646941	692.2314951	528.9037481	1.308804291
4.281931243	0.80598751	-1.737971867	4.01326874	0.832725317	695.1029787	529.8204493	1.311959513
4.324787343	0.803159483	-1.76081393	4.057067515	0.832777569	697.1191912	530.4825671	1.314122715
4.371494566	0.798917444	-1.786288561	4.105188751	0.832855945	699.9481556	531.3849333	1.317214907
4.419485498	0.795146742	-1.812169378	4.154436584	0.832925613	702.3946287	532.2103773	1.319768758
4.463822799	0.790904703	-1.836459048	4.200187898	0.83300399	704.5953761	532.9238108	1.322131535
4.513591172	0.787134001	-1.863228586	4.251213172	0.833073658	707.1825813	533.8466595	1.324692341
4.557730979	0.782420624	-1.887655178	4.296924105	0.833160743	709.3050151	534.5341504	1.326959212
4.609869275	0.778178584	-1.915845346	4.350476414	0.83323912	711.4395804	535.2558682	1.329157927
4.65470031	0.772993869	-1.940853221	4.397035687	0.833334914	713.955679	536.1045207	1.331747171
4.698938864	0.768280492	-1.965329186	4.442845367	0.833421999	715.9808786	536.7800733	1.333843997
4.753348336	0.762624439	-1.995361949	4.49914019	0.833526501	718.4687357	537.589129	1.336464406
4.800944281	0.7583824	-2.021280941	4.548150147	0.833604878	720.448889	538.3199041	1.338328536
4.841726698	0.752726347	-2.044500175	4.590817916	0.83370938	722.3088474	538.8485312	1.340467322
4.885570265	0.74801297	-2.068778648	4.636232608	0.833796465	724.6273102	539.6319531	1.342817648
4.924970227	0.742828255	-2.091070986	4.677360809	0.833892259	726.6910448	540.3197027	1.344927903
4.970294996	0.736700864	-2.116797066	4.724728041	0.834005469	728.894374	541.1045587	1.347049036
5.01729846	0.730573474	-2.143362493	4.773773968	0.83411868	731.0820354	541.8642862	1.349197676
5.055809701	0.725388759	-2.165210471	4.814013448	0.834214474	732.7222811	542.3705748	1.350962451
5.099060788	0.719261368	-2.18989971	4.859306998	0.834327684	735.1982708	543.2061007	1.353442588
5.148730414	0.713605316	-2.217562549	4.910861976	0.834432186	736.6386071	543.6862128	1.354896611
5.200078736	0.707949263	-2.246064737	4.964095648	0.834536689	738.6270361	544.3693334	1.356849093
5.251032071	0.701350535	-2.274840768	5.017248559	0.834658608	740.6086639	544.99945	1.358916351
5.292308222	0.695694482	-2.29830687	5.060410061	0.83476311	742.371437	545.5668921	1.360734032
5.338521711	0.689095754	-2.324712979	5.108823127	0.834885029	744.5431927	546.2907296	1.362906512
5.385228935	0.682497026	-2.351365955	5.157729926	0.835006948	746.181331	546.8370997	1.36454043
5.431343678	0.676369635	-2.377487021	5.205887133	0.835120159	747.6148085	547.3350746	1.36591796
5.474397271	0.66929957	-2.402548851	5.251297414	0.835250787	749.8705211	548.1073708	1.368108807
5.524758125	0.662229504	-2.431264311	5.304014957	0.835381415	751.3464286	548.6095359	1.369546789
5.565935529	0.655630775	-2.455152377	5.347391937	0.835503334	753.229841	549.2372591	1.371410676
5.613827714	0.649032047	-2.482397833	5.397483698	0.835625253	754.8821625	549.7677219	1.373092913
5.659251229	0.641961981	-2.508644624	5.445263902	0.835755881	756.5658633	550.3899695	1.374599657
5.707735895	0.634420578	-2.536657658	5.496262369	0.835895217	758.2015945	550.9149022	1.376259004
5.753554397	0.626879174	-2.563337611	5.544594672	0.836034553	759.7515193	551.4216718	1.377804969
5.801446582	0.619809108	-2.590818737	5.594843546	0.836165181	761.2162381	551.9098304	1.379240224
5.850721222	0.612739043	-2.61899109	5.646474874	0.836295809	763.1566328	552.5465137	1.381162697
5.896440977	0.605197639	-2.645621669	5.694708431	0.836435145	764.3689494	552.9607342	1.382320483
5.934260991	0.597656235	-2.668302378	5.735042246	0.836574481	766.0799585	553.5609296	1.383912624
5.985115579	0.590586169	-2.697264705	5.788253523	0.836705109	767.4247016	554.0291643	1.385170224
6.035081446	0.583044766	-2.72601834	5.840733191	0.836844445	768.8754716	554.5235983	1.3865514
6.081887417	0.574560687	-2.753663365	5.890367188	0.837001198	770.8998913	555.1373908	1.388665048
6.12889088	0.567019283	-2.780935799	5.939884453	0.837140535	771.9873116	555.4795533	1.389767287
6.171055752	0.559006542	-2.806024605	5.984720238	0.83728858	773.4049717	556.0133636	1.390982703
6.21855295	0.550993801	-2.833779575	6.03488835	0.837436624	775.0548839	556.5533004	1.392597768
6.261211556	0.543452397	-2.858879579	6.080060757	0.837575961	776.1379889	556.8941054	1.393690437
6.306437578	0.535439656	-2.885498961	6.127957693	0.837724005	777.9413683	557.5055898	1.395396535
6.353934775	0.526955577	-2.913489599	6.178282917	0.837880759	779.1469197	557.9173933	1.396527387
6.39570466	0.518942835	-2.938380913	6.222723715	0.838028803	780.34998	558.3082984	1.397704426
6.44527554	0.510458756	-2.967408392	6.275122622	0.838185557	781.9159623	558.8305355	1.399200496
6.497710077	0.502446015	-2.997632031	6.330228072	0.838333601	782.818174	559.1819287	1.399934679
6.542146124	0.493961936	-3.024092094	6.377492146	0.838490355	784.2495663	559.6384245	1.401350465
6.585397211	0.485477857	-3.049959677	6.423571259	0.838647108	785.8100486	560.2092413	1.402708115
6.631906941	0.476993778	-3.077456582	6.472909015	0.838803861	786.8047528	560.4601323	1.403854989
6.677034216	0.467567023	-3.104733596	6.521178541	0.838978031	788.2687835	560.9886836	1.40514204
6.723642693	0.459554282	-3.132044205	6.570457932	0.839126076	789.0901311	561.2721761	1.405895686
6.765511324	0.451070203	-3.157220561	6.61515459	0.83928283	790.3781683	561.6915688	1.407139099
6.80846617	0.442114786	-3.183175692	6.661094575	0.839448291	791.8758256	562.2913709	1.408301579
6.850137308	0.433159369	-3.20848897	6.705750852	0.839613753	792.7959189	562.4969187	1.409422688
6.895659571	0.423732615	-3.235963478	6.754415366	0.839787923	793.9193939	562.8619434	1.41050466
6.942169301	0.414777198	-3.263696051	6.803910235	0.839953385	795.1053449	563.3079974	1.411493088
6.994307597	0.405821781	-3.294242908	6.85903367	0.840118847	796.1551572	563.6475768	1.412505243
7.042496022	0.396866364	-3.322814829	6.910207234	0.840284309	797.5122044	564.1000879	1.413777841
7.085747108	0.386968272	-3.349389418	6.956757684	0.840467188	798.3344963	564.4149692	1.414446001
7.129195688	0.377541518	-3.375827085	7.003348516	0.840641358	799.3981419	564.7390107	1.415517835
7.173335496	0.368114763	-3.402610366	7.050630575	0.840815528	800.7290485	565.2032002	1.41671004
7.220141466	0.358688009	-3.430726729	7.100578796	0.840989699	801.5199445	565.4261292	1.417550239
7.263293806	0.348789917	-3.457251945	7.1470305	0.841172577	802.7833169	565.8674024	1.418677438
7.313753406	0.338420487	-3.48766646	7.200946578	0.841364165	803.5661442	566.0877228	1.419508164
7.358880682	0.328993732	-3.514943475	7.249216104	0.841538335	804.5897971	566.4087104	1.420510988
7.404501691	0.31909564	-3.542703025	7.298136477	0.841721214	805.809213	566.8354124	1.421592927
7.451208914	0.310140223	-3.570534346	7.34782884	0.841886676	806.4942803	567.0844032	1.422176797
7.494262507	0.300713469	-3.596774519	7.394024684	0.842060846	807.5482436	567.4152513	1.423205037
7.541265971	0.291286714	-3.624989628	7.444170399	0.842235016	808.6515447	567.8238833	1.424123867
7.590046877	0.28185996	-3.654093459	7.496093557	0.842409187	809.293224	568.0580874	1.424666318
7.633594203	0.271961867	-3.680816168	7.542940248	0.842592065	810.5220627	568.3963283	1.425980469
7.681881375	0.262535113	-3.709673131	7.594369671	0.842766236	811.0627478	568.5568937	1.426528738
7.733032204	0.252165683	-3.74043326	7.648976976	0.842957823	812.1151096	568.9074379	1.427499546
7.779245693	0.242267591	-3.768489051	7.69848983	0.843140702	813.2980929	569.3728137	1.428410478
7.824175475	0.232840836	-3.795667319	7.746561863	0.843314872	813.8641083	569.5413365	1.428981632
7.875326303	0.221528731	-3.826898786	7.801483393	0.843523877	814.7671604	569.8626649	1.429760556
7.917984909	0.212573314	-3.852705797	7.847127138	0.843689338	815.5417292	570.1613955	1.430369954
7.964099652	0.201732546	-3.881183553	7.89685547	0.843889634	816.4049712	570.3984868	1.43128881
8.012781811	0.191363116	-3.910709347	7.948994105	0.844081221	817.4686068	570.834195	1.432059631
8.06452512	0.181465024	-3.941530048	8.004036778	0.8442641	817.8956574	570.9258892	1.43257763
8.110541116	0.170624256	-3.96995843	8.053666364	0.844464396	818.7211901	571.2720338	1.433154682
8.160408236	0.160726164	-3.999841036	8.106832848	0.844647275	819.6203476	571.5212589	1.434102992
8.198721984	0.149885397	-4.024418294	8.148760185	0.844847571	820.2064974	571.7674602	1.434510626
8.247996623	0.14092998	-4.053533322	8.201019963	0.845013033	821.2003804	572.0887205	1.435442355
8.294703847	0.130089212	-4.082307317	8.251340776	0.845213328	822.1153162	572.4241251	1.436199629
8.335387517	0.12019112	-4.107598199	8.295323811	0.845396207	822.7689762	572.6318968	1.436820025
8.37814487	0.109350352	-4.134397259	8.341694752	0.845596503	823.7164233	572.9782195	1.437605122
8.429789432	0.098980922	-4.165404255	8.396795791	0.84578809	824.0116277	573.076783	1.437872991
8.477681617	0.088611492	-4.194535062	8.448144453	0.845979678	824.8800513	573.3562235	1.438686836
8.523302626	0.077770725	-4.222765951	8.497379051	0.846179974	825.6621822	573.6370018	1.439346101
8.569516115	0.067401295	-4.25105741	8.547049017	0.846371561	826.3739341	573.8844484	1.439965722
8.617507047	0.056560527	-4.28047326	8.598653538	0.846571857	827.3508993	574.2203805	1.440824686
8.665399232	0.045719759	-4.309839736	8.650159312	0.846772153	827.7373363	574.3593078	1.44114899
8.709440292	0.035350329	-4.337044981	8.697656849	0.84696374	828.1615765	574.5314712	1.441455548
8.757332477	0.024038224	-4.366647127	8.749319736	0.847172744	829.2992443	574.9207278	1.442458419
8.799003615	0.013668794	-4.392667411	8.794447351	0.847364332	829.5408336	574.9607166	1.44277828
8.848771989	0.002356689	-4.42320765	8.847986426	0.847573336	830.4060369	575.2798677	1.443481831
8.892121822	-0.009898092	-4.451009957	8.895421186	0.847799758	831.202665	575.5351334	1.444225759
8.932706745	-0.019796184	-4.476251465	8.939305474	0.847982636	831.7070041	575.6627054	1.444781808
8.975957832	-0.030636952	-4.503297392	8.986170149	0.848182932	832.7318022	576.0446838	1.44560279
9.022763802	-0.04147772	-4.532120761	9.036589709	0.848383228	833.0181858	576.099685	1.445961884
9.073420897	-0.052789825	-4.563105361	9.091017505	0.848592232	833.5995608	576.3239027	1.4464081
9.117560704	-0.064573268	-4.591066986	9.139085127	0.848809945	834.2521747	576.5720286	1.446917529
9.167427824	-0.075414036	-4.62142093	9.192565836	0.849010241	834.7415994	576.7139682	1.44741006
9.216702464	-0.086254804	-4.651478634	9.245454065	0.849210537	835.6031356	577.1032689	1.447926533
9.265088383	-0.097566909	-4.681327646	9.297610686	0.849419541	835.9992736	577.1948549	1.448383101
9.305772053	-0.109350352	-4.707561203	9.34222217	0.849637254	836.4113149	577.311972	1.448802996
9.358206589	-0.119248444	-4.738727517	9.397956071	0.849820133	837.130343	577.5416141	1.449471904
9.405506293	-0.13056055	-4.768033422	9.449026477	0.850029137	837.4830613	577.6389568	1.449838262
9.446683698	-0.141401318	-4.794042508	9.49381747	0.850229433	838.1621132	577.9363555	1.450267154
9.487071128	-0.152713423	-4.819892275	9.537975602	0.850438438	838.8100213	578.1216558	1.450923024
9.531309682	-0.163554191	-4.847431936	9.585827745	0.850638734	839.0753085	578.2304769	1.451108757
9.585027926	-0.174866296	-4.879947111	9.643316692	0.850847738	839.9966657	578.527886	1.451955361
9.626106584	-0.185235726	-4.905671155	9.687851826	0.851039325	840.3430484	578.6735299	1.452188505
9.676447688	-0.196076494	-4.936262091	9.74180652	0.851239621	840.6483229	578.754977	1.452511609
9.726067942	-0.208331274	-4.967199608	9.7955117	0.851466043	841.4789012	579.0421135	1.453225735
9.769743639	-0.21964338	-4.99469351	9.842958099	0.851675047	841.6076097	579.0952933	1.45331454
9.812234376	-0.230484148	-5.021359262	9.889062425	0.851875343	842.3479138	579.3624533	1.453922167
9.86075854	-0.242738928	-5.051748734	9.941671516	0.852101764	842.9025327	579.5269343	1.454466536
9.905253835	-0.253108358	-5.079181097	9.989623288	0.852293351	843.1283265	579.6526119	1.454540718
9.944693297	-0.265834477	-5.105263887	10.03330479	0.852528481	844.126042	579.9853457	1.4554265
9.988754107	-0.276675245	-5.132714676	10.08097919	0.852728777	844.1514058	579.9632123	1.455525778
10.03691291	-0.28798735	-5.162450129	10.13290869	0.852937782	844.6465214	580.1387709	1.455938758
10.08665166	-0.300713469	-5.193682563	10.18688948	0.853172912	845.1136452	580.2738438	1.456404858
10.13018911	-0.311554236	-5.220871673	10.23404052	0.853373207	845.4720512	580.4138665	1.456671007
10.18342349	-0.323337679	-5.253380587	10.29120272	0.85359092	846.0273961	580.5687174	1.457239033
10.23172054	-0.335121122	-5.283420832	10.34342758	0.853808633	846.4958466	580.7446926	1.457604103
10.27764766	-0.346433228	-5.312040446	10.39312541	0.854017638	846.6597435	580.8300749	1.457672011
10.31974341	-0.358688009	-5.339215711	10.43930608	0.854244059	847.3288935	581.0533679	1.458263458
10.36274763	-0.370471452	-5.366609543	10.48623812	0.854461772	847.4652864	581.0986702	1.458384488
10.41075831	-0.382726233	-5.396742274	10.53833373	0.854688193	847.9281368	581.2635547	1.458767077
10.45253807	-0.393567	-5.423052537	10.58372707	0.854888489	848.4443233	581.4558468	1.4591724
10.49697412	-0.405350444	-5.451162283	10.63209094	0.855106202	848.6797759	581.503905	1.45945671
10.53906987	-0.416662549	-5.47786621	10.67795739	0.855315206	849.3840951	581.8098881	1.459899724
10.58779153	-0.428445992	-5.50811876	10.73060686	0.855532919	849.5769609	581.8235207	1.460197002
10.63983108	-0.439758097	-5.539794588	10.78641711	0.855741924	849.7906046	581.8744243	1.460436426
10.69143614	-0.452012878	-5.57172451	10.8421071	0.855968345	850.1305541	582.0385588	1.460608651
10.73536858	-0.463324984	-5.599346782	10.88981024	0.856177349	850.353851	582.0825651	1.460881844
10.77794819	-0.476051102	-5.626999646	10.93663189	0.856412479	850.8883596	582.2909986	1.461276856
10.82147577	-0.48689187	-5.654183818	10.98377306	0.856612775	851.248676	582.4313341	1.461543406
10.86628705	-0.498675313	-5.682481182	11.03251216	0.856830488	851.3098362	582.4621598	1.46157106
10.92141738	-0.509987418	-5.715702397	11.09141318	0.857039492	851.7986422	582.6552781	1.461925557
10.97930273	-0.522242199	-5.750772466	11.15338347	0.857265914	851.9250513	582.7178875	1.461985413
11.02275131	-0.533554305	-5.778152809	11.20060275	0.857474918	852.2619405	582.8503329	1.462231198
11.06480756	-0.545809086	-5.805308325	11.24674393	0.85770134	852.7174333	582.9916438	1.462658071
11.11015208	-0.557121191	-5.833636636	11.29585915	0.857910344	852.7409052	583.0305418	1.462600746
11.15550647	-0.568433296	-5.861969885	11.34498424	0.858119348	853.2360454	583.1551285	1.463137343
11.20311229	-0.580688077	-5.891900185	11.39667499	0.85834577	853.4399534	583.2230979	1.46331645
11.24492168	-0.59247152	-5.918696599	11.44241218	0.858563483	853.3448693	583.2117952	1.463181774
11.29049331	-0.603783626	-5.947138469	11.49175452	0.858772487	854.0625954	583.4714292	1.463760782
11.33924459	-0.614624393	-5.976934494	11.54411939	0.858972783	854.1348678	583.485486	1.463849382
11.38660355	-0.626879174	-6.00674136	11.59556327	0.859199204	854.256553	583.5461967	1.463905613
11.43183944	-0.638662617	-6.03525103	11.64472698	0.859416917	854.6940188	583.6511537	1.464391895
11.47584101	-0.650446061	-6.063143533	11.69265636	0.85963463	854.7207106	583.6905579	1.464338765
11.51846011	-0.661758166	-6.090109139	11.73904617	0.859843634	855.3152024	583.8677629	1.464912531
11.56789275	-0.674012947	-6.120952847	11.79256373	0.860070056	855.2839221	583.8681801	1.46485791
11.61452097	-0.685325052	-6.149923013	11.84296266	0.86027906	855.5461295	583.9557446	1.465087273
11.67123124	-0.698051171	-6.184641208	11.90391497	0.86051419	855.7947676	584.0183129	1.465356049
11.7162894	-0.708891938	-6.212590668	11.95258671	0.860714486	855.6055378	583.9856623	1.465113945
11.75599547	-0.721618057	-6.238806766	11.99653483	0.860949616	856.2918137	584.214664	1.465714345
11.80218921	-0.7334015	-6.267795357	12.04665638	0.861167329	856.4537135	584.2484006	1.465906817
11.85057513	-0.744242268	-6.2974087	12.09865589	0.861367624	856.553149	584.3627897	1.465790026
11.90024476	-0.756497049	-6.328370904	12.15241044	0.861594046	856.8530226	584.4628286	1.466052212
11.9417184	-0.768751829	-6.355235117	12.19796901	0.861820467	856.8610538	584.4147687	1.466186516
11.98437701	-0.78100661	-6.38269181	12.24471255	0.862046889	857.0663794	584.5138795	1.466289184
12.0350341	-0.791847378	-6.413440741	12.29898323	0.862247185	857.0441316	584.4963486	1.466295099
12.08519747	-0.804102159	-6.444649812	12.35323152	0.862473606	857.0944277	584.502756	1.466365075
12.13052223	-0.815885602	-6.473203918	12.4024841	0.862691319	857.6933287	584.7023086	1.466888904
12.1760445	-0.828611721	-6.502328108	12.4522484	0.862926449	857.6867852	584.7407495	1.46678128
12.22097428	-0.839923826	-6.530449052	12.50094889	0.863135453	857.9061266	584.8241403	1.466947186
12.26718777	-0.852178607	-6.559683187	12.5512473	0.863361874	857.9116102	584.7955421	1.4670283
12.31646241	-0.86396205	-6.590212228	12.60444976	0.863579587	857.8745325	584.7326079	1.467122786
12.3609972	-0.876688169	-6.618842685	12.65322659	0.863814717	858.0193875	584.8620559	1.46704574
12.40493952	-0.888942949	-6.646941232	12.70125383	0.864041139	858.4134293	585.0645322	1.467211533
12.45026428	-0.900255055	-6.675259669	12.7503493	0.864250143	858.1610176	584.9803139	1.466991277
12.49667527	-0.912509836	-6.704592551	12.80084521	0.864476564	858.5771334	585.0784782	1.467456359
12.54535743	-0.923821941	-6.734589684	12.85329807	0.864685569	858.5464746	585.0988466	1.467352875
12.58564611	-0.936076722	-6.760861416	12.89767168	0.86491199	858.4938404	585.0811399	1.467307322
12.63067464	-0.947860165	-6.789267401	12.94662803	0.865129703	858.6535541	585.1345398	1.467446366
12.67402447	-0.959643608	-6.81683404	12.99390567	0.865347416	858.7492816	585.2072329	1.467427662
12.72715023	-0.972369727	-6.849759981	13.05127348	0.865582546	859.329763	585.4208757	1.467883703
12.78205344	-0.983681832	-6.882867636	13.10994738	0.86579155	859.1069685	585.3467729	1.467688912
12.82431706	-0.994993937	-6.909655498	13.1559817	0.866000555	859.0559921	585.3599638	1.467568753
12.87250548	-1.006777381	-6.939641432	13.20809794	0.866218268	859.5305832	585.4371598	1.4681859
12.92020018	-1.018560824	-6.9693805	13.25972045	0.86643598	859.1187864	585.2899412	1.467851617
12.96364876	-1.030344267	-6.996996511	13.30709684	0.866653693	859.5111872	585.4205795	1.46819435
13.00917102	-1.041185035	-7.025178026	13.3562327	0.866853989	859.5726428	585.4311117	1.468272912
13.05923563	-1.052968478	-7.056102055	13.41022512	0.867071702	859.3267337	585.389683	1.467956745
13.10209173	-1.064751921	-7.083421826	13.45700904	0.867289415	859.833398	585.5485371	1.468423783
13.14800898	-1.076064026	-7.112036503	13.50669699	0.867498419	859.7581431	585.5639931	1.468256507
13.19649365	-1.088318807	-7.142406226	13.55926658	0.867724841	859.6489596	585.5174836	1.468186662
13.2438921	-1.10010225	-7.171997173	13.61059285	0.867942554	860.1552347	585.706472	1.468577309
13.28418078	-1.111885693	-7.198033236	13.65480934	0.868160266	859.8769559	585.6239894	1.468308969
13.33019678	-1.124140474	-7.227168625	13.70491027	0.868386688	860.0275726	585.6436879	1.468516763
13.37848395	-1.13545258	-7.256968264	13.75696814	0.868595692	860.0996992	585.7286631	1.468426856
13.42282125	-1.147236023	-7.285028636	13.80523326	0.868813405	860.0327345	585.6962266	1.468393846
13.46528236	-1.159019466	-7.312150913	13.85162218	0.869031118	860.1574307	585.707447	1.468578614
13.51712442	-1.170802909	-7.343963663	13.90739205	0.869248831	860.030557	585.6551217	1.468493188
13.56748527	-1.182115014	-7.374800142	13.96152361	0.869457835	859.7801276	585.6121053	1.46817342
13.61577244	-1.193898457	-7.40483545	14.01373859	0.869675548	859.9866576	585.6708336	1.468378837
13.65783857	-1.205210563	-7.431524565	14.05957542	0.869884553	859.8807516	585.6965456	1.468133555
13.70089216	-1.216994006	-7.458943083	14.10655683	0.870102265	860.2322103	585.7426505	1.468618018
13.75233923	-1.228306111	-7.49032267	14.1617746	0.87031127	860.0788509	585.7525447	1.468331395
13.79805898	-1.240089554	-7.51907427	14.21142217	0.870528983	860.1350972	585.8221925	1.468252839
13.84832109	-1.25140166	-7.549861376	14.26545498	0.870737987	860.3532672	585.8035568	1.468671976
13.89167093	-1.263185103	-7.577428014	14.31273263	0.8709557	859.9770647	585.71894	1.468241858
13.93334206	-1.274025871	-7.603683967	14.35801735	0.871155996	860.1269421	585.7587031	1.468398058
13.98814652	-1.285809314	-7.636977918	14.41674963	0.871373709	860.2620588	585.824215	1.468464493
14.03120012	-1.297592757	-7.664396436	14.46373103	0.871591422	859.9661322	585.7254918	1.46820677
14.07533992	-1.308904862	-7.692122393	14.51164154	0.871800426	860.3042869	585.858521	1.468450583
14.12649075	-1.320688305	-7.723589528	14.56672019	0.872018139	860.0359248	585.769148	1.468216494
14.17576539	-1.332000411	-7.753882901	14.61976553	0.872227143	859.8837012	585.7082108	1.468109351
14.22622499	-1.343312516	-7.784768754	14.67399583	0.872436148	860.0936334	585.7782692	1.468292148
14.26384751	-1.354624622	-7.809236067	14.71538905	0.872645152	859.7139963	585.6519665	1.467960573
14.30798732	-1.365936727	-7.836962023	14.76329956	0.872854156	859.9547876	585.7624943	1.468094656
14.35489204	-1.377248832	-7.866070434	14.81397498	0.873063161	859.995622	585.7964167	1.468079349
14.40456166	-1.388560938	-7.896561301	14.86741531	0.873272165	859.8679187	585.713389	1.468069426
14.45324382	-1.400815719	-7.92702977	14.92018239	0.873498586	860.254918	585.8828487	1.468305344
14.49609992	-1.412127824	-7.954113873	14.9668092	0.873707591	859.8524052	585.7589548	1.467928741
14.54191842	-1.42343993	-7.982679177	15.0163984	0.873916595	859.6530832	585.6419391	1.467881697
14.58862565	-1.435223373	-8.01192451	15.06703344	0.874134308	859.828591	585.7206717	1.467984028
14.63414791	-1.445592803	-8.039870356	15.11601218	0.874325895	859.4531382	585.6360618	1.467555013
14.67907769	-1.457847583	-8.068462637	15.16502689	0.874552317	859.8272922	585.7305158	1.467957139
14.72519243	-1.468688351	-8.096940393	15.21475522	0.874752613	859.7200882	585.7250451	1.467787822
14.77150467	-1.479529119	-8.125516895	15.26468104	0.874952908	859.50204	585.6424094	1.467622608
14.82058182	-1.4917839	-8.156182858	15.31784312	0.87517933	859.5996938	585.7052247	1.467631938
14.86689405	-1.502624667	-8.18475936	15.36776894	0.875379626	859.2570566	585.6010463	1.467307926
14.91310754	-1.513465435	-8.213286489	15.41759602	0.875579922	859.3479461	585.5810918	1.467513139
14.95981477	-1.525720216	-8.242767491	15.46838817	0.875806343	859.591024	585.7227267	1.467573281
15.01619917	-1.536089646	-8.27614441	15.52822906	0.87599793	858.9487904	585.4582359	1.467139307
15.05461167	-1.547401751	-8.30100671	15.57041225	0.876206935	859.3285627	585.6355636	1.467343543
15.09845524	-1.558713857	-8.328584546	15.61802652	0.876415939	858.9589039	585.512425	1.467020796
15.14624867	-1.569554624	-8.357901649	15.66943355	0.876616235	858.8458182	585.4848448	1.466896754
15.19305464	-1.58086673	-8.386960687	15.72001022	0.876825239	858.9383495	585.5767026	1.466824663
15.24094683	-1.592650173	-8.416798501	15.77183022	0.877042952	858.5690648	585.4129047	1.466604268
15.28242047	-1.60349094	-8.442955707	15.81691745	0.877243248	858.718416	585.4626884	1.466734658
15.32656028	-1.614803046	-8.470681663	15.86482796	0.877452252	858.6670701	585.4861141	1.466588275
15.37948855	-1.626115151	-8.502801851	15.92152693	0.877661257	858.4800042	585.4236778	1.466425149
15.41661734	-1.636484581	-8.526550959	15.9621122	0.877852844	858.7215726	585.4840516	1.466686531
15.46776817	-1.648739362	-8.558253764	16.01734795	0.878079265	858.497441	585.4298141	1.466439563
15.51299419	-1.65958013	-8.586287158	16.06618756	0.878279561	858.4369458	585.389419	1.466437414
15.55960266	-1.670420897	-8.615011781	16.11640963	0.878479857	858.3465733	585.3694098	1.466333155
15.60660613	-1.682204341	-8.644405234	16.16734091	0.87869757	858.0907035	585.2740049	1.466135001
15.65538703	-1.69257377	-8.673980402	16.21957829	0.878889157	858.1495072	585.2733761	1.466237048
15.69873687	-1.703414538	-8.701075702	16.26654171	0.879089453	858.0754876	585.2588179	1.466147047
15.74860399	-1.714255306	-8.731429646	16.32002242	0.879289749	857.8124757	585.2217223	1.465790559
15.79876735	-1.725096074	-8.76193171	16.37379937	0.879490045	858.0954879	585.2350587	1.466240744
15.85100439	-1.735936841	-8.793470616	16.42965	0.879690341	857.4412605	585.0678009	1.465541702
15.90215522	-1.746777609	-8.824466414	16.48441442	0.879890637	857.3316294	585.0310952	1.465446258
15.94066646	-1.758089714	-8.849378087	16.52669636	0.880099641	857.6052639	585.1320977	1.465660946
15.98816366	-1.768930482	-8.87854707	16.57780715	0.880299937	857.2272328	585.0064923	1.465329435
16.03951198	-1.77977125	-8.909641614	16.63276906	0.880500233	857.3724845	585.0443896	1.46548279
16.08503424	-1.790612017	-8.937823129	16.68190491	0.880700529	857.1963412	585.0059861	1.465277897
16.12413796	-1.801452785	-8.962795374	16.72462223	0.880900824	856.842367	584.8982717	1.464942552
16.16541411	-1.81276489	-8.989089502	16.76966908	0.881109829	857.1149689	584.948598	1.465282542
16.21666369	-1.823605658	-9.020134674	16.82453224	0.881310125	856.5908225	584.7739636	1.464823805
16.26504961	-1.834446426	-9.049748017	16.87653175	0.881510421	856.8691051	584.8872784	1.465015802
16.30474581	-1.845287193	-9.075016502	16.91984154	0.881710716	856.6141409	584.8128104	1.464766376
16.34908311	-1.855656623	-9.102369868	16.96763532	0.881902304	856.4517271	584.7275174	1.464702279
16.39766652	-1.866026053	-9.131846289	17.01967521	0.882093891	856.2908503	584.6436278	1.464637276
16.45177976	-1.877338159	-9.164558957	17.07755914	0.882302895	855.8683762	584.4930931	1.464291685
16.49858573	-1.887707589	-9.193146657	17.12782159	0.882494483	855.7249099	584.475049	1.464091429
16.54183681	-1.898548356	-9.220192584	17.17468626	0.882694779	855.8550891	584.4883401	1.46428086
16.58637161	-1.909389124	-9.247880365	17.22283465	0.882895074	855.7148397	584.4217653	1.464207684
16.63189387	-1.920229892	-9.27606188	17.2719705	0.88309537	855.775181	584.4723861	1.464184111
16.67652741	-1.928713971	-9.30262069	17.31943207	0.883252124	855.3211811	584.3517218	1.463709525
16.7210622	-1.939554738	-9.330308472	17.36758045	0.883452419	855.1195373	584.2845882	1.463532591
16.77369423	-1.949924168	-9.361809201	17.42366896	0.883644007	854.9888564	584.2203929	1.463469723
16.81862402	-1.960764936	-9.389694476	17.47221233	0.883844303	854.7222122	584.1315925	1.463235722
16.86562748	-1.971134366	-9.418380923	17.52267227	0.88403589	854.6634163	584.1527778	1.463082003
16.91342092	-1.981032458	-9.447226688	17.57376507	0.884218769	854.6148999	584.1873427	1.462912387
16.95736323	-1.991873226	-9.474618229	17.62132097	0.884419065	854.2072285	584.0109112	1.462656283
16.99933061	-2.002242656	-9.500786633	17.66674483	0.884610652	854.5138619	584.1533394	1.462824578
17.0470253	-2.012140748	-9.529583025	17.71773888	0.884793531	853.9849441	583.9672424	1.462385014
17.09995357	-2.022510178	-9.561231875	17.77412363	0.884985118	853.7278403	583.9321162	1.462032686
17.1449821	-2.032879608	-9.588930854	17.82260864	0.885176705	853.7463192	583.9789788	1.461947005
17.1909981	-2.0427777	-9.616887898	17.871924	0.885359584	853.4287841	583.8827628	1.461644081
17.23503916	-2.053618468	-9.644328812	17.91957865	0.88555988	853.5720825	583.9006699	1.461844671
17.27898147	-2.063987898	-9.671484684	17.96697744	0.885751467	853.1517624	583.7099882	1.461602131
17.32736739	-2.073414652	-9.700391021	18.01850561	0.885925638	852.9323634	583.6876732	1.461282125
17.37338339	-2.083784082	-9.728583734	18.06797808	0.886117225	853.1022351	583.6937221	1.46155801
17.41920189	-2.093682174	-9.756442031	18.11709595	0.886300104	852.5166797	583.538673	1.460942898
17.46176175	-2.103580267	-9.782671007	18.16295517	0.886482983	852.0990408	583.409818	1.460549711
17.5060003	-2.113478359	-9.80973933	18.21049309	0.886665862	851.5448898	583.286196	1.45990921
17.55251003	-2.123376451	-9.837943241	18.26030218	0.88684874	851.9795669	583.3805134	1.460418282
17.59645235	-2.133745881	-9.865099113	18.30770097	0.887040328	851.9894082	583.3729498	1.460454086
17.64878813	-2.144586649	-9.896687392	18.36365035	0.887240624	851.7295316	583.2970063	1.460198702
17.69608784	-2.156370092	-9.926228965	18.41487787	0.887458337	851.2609696	583.1917179	1.45965888
17.73943767	-2.164854171	-9.952145921	18.46105573	0.88761509	851.3060524	583.2367665	1.459623435
17.78407121	-2.174280925	-9.979176069	18.50883152	0.88778926	850.7359737	583.0667273	1.459071379
17.83532079	-2.184650355	-10.00998557	18.56353757	0.887980847	850.4010544	582.9760465	1.458723835
17.87867062	-2.195019785	-10.0368452	18.61034388	0.888172435	850.5476437	583.0047606	1.458903428
17.92577283	-2.20444654	-10.06510969	18.66058835	0.888346605	849.9961971	582.8413371	1.458366356
17.9727763	-2.21481597	-10.09379613	18.71104829	0.888538192	849.9854529	582.8480327	1.458331169
18.01810106	-2.224714062	-10.12140756	18.75967242	0.888721071	849.640532	582.7127481	1.458077818
18.06826443	-2.234140817	-10.15120262	18.81297803	0.888895242	849.1162326	582.5076366	1.45769116
18.11714408	-2.244038909	-10.18059149	18.86515705	0.88907812	849.1771712	582.5989165	1.457567371
18.16276509	-2.254408339	-10.20858671	18.91423453	0.889269708	848.3523897	582.2834483	1.456940588
18.20779362	-2.263835093	-10.23581435	18.96240531	0.889443878	848.2793196	582.2897606	1.456799307
18.2527234	-2.274204523	-10.26346396	19.01079157	0.889635465	848.1400047	582.2736673	1.456600311
18.29824566	-2.284102615	-10.29117414	19.0596132	0.889818344	847.8802091	582.1767918	1.456396444
18.34761905	-2.294000708	-10.32080988	19.11228595	0.890001223	847.7420398	582.1410933	1.456248407
18.39027765	-2.302956124	-10.34661689	19.15792969	0.890166685	847.0631916	581.8845466	1.455723814
18.44053976	-2.312854217	-10.37669699	19.21149116	0.890349564	846.8417217	581.7902503	1.455579088
18.48280338	-2.322752309	-10.40277784	19.25705415	0.890532442	846.7029024	581.7745652	1.455379718
18.5295106	-2.332650401	-10.4310805	19.30706073	0.890715321	846.4294745	581.6834226	1.455137695
18.57197171	-2.341605818	-10.45678877	19.35250699	0.890880783	846.354374	581.6176051	1.455173239
18.61976515	-2.351975248	-10.4858702	19.4037569	0.89107237	846.0797583	581.4857685	1.455030895
18.66775608	-2.361402002	-10.51457904	19.45489008	0.891246541	845.5761877	581.4190616	1.454331726
18.7129821	-2.371300095	-10.5421411	19.50341547	0.89142942	845.4927433	581.3203608	1.454435111
18.76265173	-2.380255511	-10.57145362	19.55607023	0.891594881	844.7705384	581.0493619	1.453870521
18.80550783	-2.390153604	-10.59783072	19.6022257	0.89177776	844.88655	581.1179724	1.453898503
18.86465715	-2.400051696	-10.63235442	19.66467438	0.891960639	844.6423004	581.1182049	1.453477612
18.90484708	-2.409007113	-10.6569271	19.70784945	0.892126101	844.1938849	580.948341	1.453130727
18.95293676	-2.418905205	-10.68592098	19.7592385	0.89230898	844.1077797	580.8998953	1.453103687
19.00458132	-2.428331959	-10.71645664	19.81402531	0.89248315	843.5505793	580.7745278	1.452457949
19.04921487	-2.437287376	-10.74325112	19.86164399	0.892648612	843.0994418	580.5738167	1.452183026
19.0957246	-2.446714131	-10.77121936	19.91129597	0.892822782	843.2509409	580.6649384	1.452216046
19.13561829	-2.455669547	-10.79564392	19.95417481	0.892988244	842.528644	580.4342877	1.451548714
19.1782769	-2.464624964	-10.82145093	19.99981855	0.893153706	842.6213654	580.4854249	1.451580573
19.22735404	-2.474051719	-10.85070288	20.05203795	0.893327876	842.2938161	580.3256668	1.451415756
19.27761615	-2.483478473	-10.88054731	20.10544231	0.893502046	841.7213	580.1448621	1.450881245
19.3220522	-2.492905228	-10.90747871	20.15302061	0.893676216	841.7755886	580.1934653	1.450853274
19.36234088	-2.501389307	-10.93186509	20.19613732	0.89383297	841.4741393	580.0731572	1.450634509
19.41457792	-2.511287399	-10.96293266	20.25167372	0.894015849	841.1377016	579.9813223	1.45028412
19.46049517	-2.520242816	-10.99036899	20.30057611	0.89418131	840.8456987	579.903813	1.449974427
19.50374626	-2.52966957	-11.01670792	20.34696945	0.894355481	840.4326802	579.8169581	1.449479303
19.54413369	-2.538624987	-11.04137934	20.39034202	0.894520942	840.4584261	579.7135461	1.449782279
19.59656823	-2.547580404	-11.07207432	20.44576169	0.894686404	839.9096125	579.4899052	1.449394726
19.64060929	-2.555593145	-11.09810122	20.49247367	0.894834449	839.6006602	579.4685701	1.448914926
19.68850147	-2.565019899	-11.12676069	20.54350811	0.895008619	839.5717428	579.478999	1.448838947
19.74547836	-2.573975316	-11.15972684	20.60347013	0.895174081	838.6720621	579.1896254	1.448009469
19.79801164	-2.582459395	-11.19023552	20.65883144	0.895330834	838.7312373	579.2095935	1.448061715
19.84343516	-2.591414812	-11.21742499	20.7072401	0.895496296	838.5143497	579.1574466	1.447817609
19.88589627	-2.600370229	-11.24313325	20.75268635	0.895661758	838.1841634	579.0575805	1.447497091
19.92973984	-2.609325646	-11.26953274	20.79951505	0.89582722	838.4004589	579.038401	1.447918579
19.97595333	-2.618281062	-11.2971172	20.84871368	0.895992682	837.7715554	578.9304025	1.447102366
20.02927658	-2.626293804	-11.32778519	20.90470785	0.896140726	837.2916135	578.7805369	1.44664784
20.07341639	-2.635249221	-11.35433281	20.9518328	0.896306188	837.0866743	578.7426498	1.446388433
20.13147949	-2.6437333	-11.3876064	21.01272393	0.896462941	836.5385409	578.4889717	1.446075175
20.16999074	-2.652688716	-11.41133973	21.05422031	0.896628403	836.7217637	578.590425	1.446138283
20.21097065	-2.661172795	-11.43607172	21.09802825	0.896785156	836.4094071	578.5066171	1.445807848
20.25649291	-2.670128212	-11.46331056	21.14653565	0.896950618	835.9022528	578.3274507	1.445378828
20.30083021	-2.679083629	-11.48995692	21.19385809	0.89711608	835.8511833	578.2900355	1.445384032
20.34625373	-2.687567708	-11.51691072	21.24210963	0.897272833	835.3915885	578.1368372	1.44497208
20.39375092	-2.696523125	-11.54513702	21.29259196	0.897438295	835.0635961	578.0378644	1.444652068
20.43808822	-2.705007204	-11.57154771	21.33975729	0.897595048	835.0437179	578.0309144	1.444635048
20.48440046	-2.712548607	-11.59847453	21.38858333	0.897734385	834.7675559	577.9490564	1.444361829
20.5307127	-2.721975362	-11.62634403	21.43803782	0.897908555	834.7040142	577.9586258	1.444227972
20.58067856	-2.729988103	-11.65533333	21.4906746	0.8980566	833.8433244	577.6716482	1.443455511
20.62363341	-2.738472182	-11.6810528	21.53645747	0.898213353	833.6938608	577.631861	1.443296184
20.67310554	-2.746956261	-11.7100309	21.58875763	0.898370106	833.6321212	577.6217201	1.443214637
20.7173441	-2.75544034	-11.73639222	21.63582421	0.89852686	832.9135088	577.3720677	1.442594049
20.76691498	-2.763453082	-11.76518403	21.688066	0.898674904	832.9532965	577.4460202	1.442478201
20.80828988	-2.771937161	-11.79011352	21.73226893	0.898831658	832.747945	577.3673737	1.442319021
20.85005976	-2.779949902	-11.81500483	21.77670973	0.898979702	832.3999998	577.190864	1.442157268
20.90180307	-2.788433981	-11.84511853	21.83128106	0.899136456	832.2695411	577.1472968	1.442040092
20.95552131	-2.797389398	-11.87645536	21.88798445	0.899301917	831.5468037	576.9669933	1.441238084
20.99867365	-2.804930802	-11.90180223	21.93365059	0.899441254	831.2585606	576.9317643	1.440826476
21.04873827	-2.813414881	-11.93107657	21.98654323	0.899598007	831.1587432	576.8376398	1.440888538
21.0937668	-2.821427622	-11.95759721	22.03424267	0.899746052	830.8604957	576.76865	1.440543788
21.14027653	-2.829440363	-11.98485844	22.08342331	0.899894096	830.6736716	576.6658343	1.440476654
21.19438976	-2.836981767	-12.01568576	22.14005035	0.900033433	830.2405884	576.5419462	1.440035012
21.23833207	-2.845937184	-12.04213463	22.1869778	0.900198894	829.8748196	576.4404153	1.439654121
21.28612551	-2.854421263	-12.07027339	22.23759926	0.900355648	829.8248808	576.393181	1.439685458
21.32848787	-2.861491329	-12.0949896	22.28231832	0.900486275	829.1943698	576.2235517	1.439015062
21.38704471	-2.869975408	-12.12851006	22.34370318	0.900643029	828.9737923	576.1602218	1.438790393
21.43088828	-2.877516811	-12.15420254	22.39006055	0.900782365	828.7182547	576.0450216	1.438634523
21.47848422	-2.885058215	-12.18177122	22.44017029	0.900921701	828.2680887	575.9151153	1.438177375
21.52485824	-2.893542294	-12.20920027	22.48937234	0.901078455	828.216875	575.9283081	1.438055507
21.57123226	-2.901083697	-12.23615798	22.53826016	0.901217791	827.7651508	575.6961653	1.437850729
21.61760627	-2.909567776	-12.26358703	22.5874622	0.901374544	827.5304784	575.6586442	1.437536788
21.66398029	-2.917580518	-12.29078041	22.63650713	0.901522589	827.3132845	575.5867322	1.437339046
21.71035431	-2.925593259	-12.31797378	22.68555206	0.901670634	826.6189194	575.3351282	1.436760731
21.75672833	-2.933134663	-12.3449315	22.73443988	0.90180997	826.7134157	575.386857	1.436795793
21.80310235	-2.940676066	-12.37188921	22.7833277	0.901949306	826.2749423	575.2712062	1.43632244
21.84947636	-2.94821747	-12.39884692	22.83221552	0.902088642	825.8783874	575.1187912	1.436013568
21.89585038	-2.956230211	-12.4260403	22.88126045	0.902236687	825.785628	575.0673174	1.435980803
21.9422244	-2.963771615	-12.45299801	22.93014827	0.902376023	825.0391959	574.8086347	1.435328466
21.98859842	-2.971313018	-12.47995572	22.97903609	0.90251536	824.8518124	574.7766805	1.435082251
22.03497243	-2.97932576	-12.5071491	23.02808102	0.902663404	825.0510819	574.8227927	1.435313791
22.08134645	-2.986867163	-12.53410681	23.07696884	0.902802741	824.3325696	574.5631396	1.434711893
22.12772047	-2.994879905	-12.56130019	23.12601377	0.902950785	824.3633295	574.6342449	1.434587891
22.17409449	-3.001949971	-12.58802223	23.17474448	0.903081413	823.8994409	574.5199134	1.434065942
22.22046851	-3.009491374	-12.61497994	23.2236323	0.903220749	823.4039067	574.3243903	1.433691343
22.26684252	-3.017032778	-12.64193765	23.27252012	0.903360086	823.3952871	574.2706991	1.433810376
22.31321654	-3.024574181	-12.66889536	23.32140794	0.903499422	822.621392	574.0129771	1.433105914
22.35959056	-3.031644247	-12.6956174	23.37013864	0.90363005	822.5046112	573.9840841	1.432974596
22.40596458	-3.039656989	-12.72281078	23.41918357	0.903778094	822.5186456	574.0093163	1.432936056
22.45233859	-3.046727054	-12.74953282	23.46791428	0.903908722	821.9567939	573.8218704	1.432425002
22.49871261	-3.05379712	-12.77625487	23.51664499	0.90403935	821.7971276	573.7485803	1.432329693
22.54508663	-3.061338524	-12.80321258	23.56553281	0.904178686	821.2591511	573.6199918	1.431712916
22.59146065	-3.069351265	-12.83040596	23.61457774	0.904326731	820.9113353	573.5039722	1.431396076
22.63783467	-3.076421331	-12.857128	23.66330844	0.904457358	820.6400156	573.4132893	1.431149279
22.68420868	-3.083962735	-12.88408571	23.71219626	0.904596695	820.4614462	573.3742391	1.430935313
22.7305827	-3.091032801	-12.91080775	23.76092697	0.904727322	820.2447493	573.3425478	1.430636454
22.77695672	-3.098574204	-12.93776546	23.80981479	0.904866659	819.8167934	573.1595169	1.430346647
22.82333074	-3.105172932	-12.96425183	23.85838838	0.904988578	819.230639	572.9436591	1.429862476
22.86970475	-3.112242998	-12.99097388	23.90711909	0.905119206	819.2062998	572.96581	1.429764718
22.91607877	-3.119784402	-13.01793159	23.95600691	0.905258542	818.4471575	572.7634996	1.428944334
22.96245279	-3.12638313	-13.04441796	24.0045805	0.905380461	818.2880696	572.7005173	1.428823696
23.00882681	-3.133924534	-13.07137567	24.05346832	0.905519797	817.9421375	572.5143206	1.428684154
23.05520083	-3.140994599	-13.09809771	24.10219903	0.905650425	817.6410056	572.4239773	1.428383572
23.10157484	-3.148536003	-13.12505542	24.15108684	0.905789761	817.3633713	572.3720545	1.428028089
23.14794886	-3.155134731	-13.1515418	24.19966044	0.905911681	816.8182014	572.1701012	1.427579315
23.19432288	-3.162204797	-13.17826384	24.24839114	0.906042308	816.434088	572.0219144	1.42727764
23.2406969	-3.169746201	-13.20522155	24.29727896	0.906181645	816.3478752	572.0436708	1.427072646
23.28707091	-3.175873591	-13.23147225	24.34569545	0.906294855	815.6965644	571.7862692	1.426575992
23.33344493	-3.183414995	-13.25842996	24.39458326	0.906434191	815.7329261	571.7985518	1.42660894
23.37981895	-3.190485061	-13.28515201	24.44331397	0.906564819	815.1699607	571.6206066	1.426068184
23.42619297	-3.197083789	-13.31163838	24.49188756	0.906686738	814.8433744	571.5322175	1.425717308
23.47256699	-3.203682517	-13.33812475	24.54046116	0.906808658	814.3798535	571.3571566	1.425342877
23.518941	-3.20933857	-13.36413979	24.58872053	0.90691316	813.8554161	571.1719861	1.424886787
23.56531502	-3.216879973	-13.3910975	24.63760835	0.907052496	813.4663442	571.0732885	1.424451748
23.61168904	-3.223478701	-13.41758387	24.68618194	0.907174415	813.4665779	571.0837244	1.424426127
23.65806306	-3.229606092	-13.44383457	24.73459842	0.907287626	812.6108861	570.7981698	1.423639614
23.70443707	-3.236676158	-13.47055662	24.78332913	0.907418254	812.565785	570.8236771	1.423496988
23.75081109	-3.24233221	-13.49657165	24.8315885	0.907522756	811.8776226	570.5135316	1.423064621
23.79718511	-3.249873614	-13.52352936	24.88047631	0.907662092	811.5286883	570.4375992	1.422642353
23.84355913	-3.256472342	-13.55001574	24.92904991	0.907784011	811.3909305	570.3715309	1.42256562
23.88993315	-3.262599732	-13.57626644	24.97746639	0.907897222	810.5905453	570.1146888	1.421802597
23.93630716	-3.269198461	-13.60275281	25.02603998	0.908019141	810.438697	570.0435187	1.421713729
23.98268118	-3.275797189	-13.62923919	25.07461358	0.90814106	810.1913943	570.0119835	1.421358529
24.0290552	-3.281924579	-13.65548989	25.12303006	0.908254271	809.5677355	569.8043402	1.420781974
24.07542922	-3.288994645	-13.68221193	25.17176077	0.908384899	809.5602691	569.7917364	1.420800298
24.12180323	-3.295593373	-13.7086983	25.22033436	0.908506818	808.8245094	569.5260102	1.420171327
24.16817725	-3.302192101	-13.73518468	25.26890795	0.908628737	808.4680257	569.4479663	1.419739947
24.21455127	-3.30879083	-13.76167105	25.31748155	0.908750657	808.1113558	569.2983263	1.419486618
24.26092529	-3.315389558	-13.78815742	25.36605514	0.908872576	807.4841866	569.1196149	1.418830357
24.30729931	-3.321516948	-13.81440813	25.41447162	0.908985786	807.4281539	569.0913894	1.418802268
24.35367332	-3.328587014	-13.84113017	25.46320233	0.909116414	807.0402292	569.0025411	1.418342047
24.40004734	-3.334243067	-13.8671452	25.5114617	0.909220916	806.4608717	568.81978	1.417779234
24.44642136	-3.341313133	-13.89386725	25.5601924	0.909351544	806.2884547	568.7416726	1.417670787
24.49279538	-3.346969185	-13.91988228	25.60845177	0.909456046	805.587821	568.5388781	1.416944121
24.53916939	-3.354039251	-13.94660432	25.65718248	0.909586674	805.3475846	568.4486033	1.416746527
24.58554341	-3.360637979	-13.9730907	25.70575607	0.909708593	804.9761535	568.3552999	1.416325587
24.63191743	-3.36676537	-13.9993414	25.75417255	0.909821804	804.5141243	568.1804122	1.415948363
24.67829145	-3.37289276	-14.0255921	25.80258903	0.909935015	804.3341583	568.1513355	1.41570407
24.72466547	-3.379491488	-14.05207848	25.85116263	0.910056934	803.7205143	567.9469495	1.415133077
24.77103948	-3.385618879	-14.07832918	25.89957911	0.910170145	803.1777704	567.7154599	1.414754093
24.8174135	-3.391746269	-14.10457989	25.94799559	0.910283355	802.6887165	567.5827869	1.41422315
24.86378752	-3.39787366	-14.13083059	25.99641207	0.910396566	802.0388859	567.4067177	1.413516726
24.91016154	-3.40400105	-14.15708129	26.04482855	0.910509777	802.2461168	567.4556457	1.413760041
24.95653555	-3.410599778	-14.18356767	26.09340215	0.910631696	801.5255753	567.2255802	1.413063168
25.00290957	-3.416255831	-14.2095827	26.14166152	0.910736198	800.9062316	567.0192943	1.412484971
25.04928359	-3.422854559	-14.23606907	26.19023511	0.910858117	800.734037	566.9110781	1.412450855
25.09565761	-3.428510612	-14.26208411	26.23849448	0.910962619	799.8877421	566.6394188	1.411634481
25.14203163	-3.434638002	-14.28833481	26.28691096	0.91107583	799.7054298	566.54806	1.41154032
25.18840564	-3.440294055	-14.31434985	26.33517033	0.911180332	799.53967	566.5031647	1.411359582
25.23477966	-3.446421445	-14.34060055	26.38358681	0.911293543	798.8767993	566.2313898	1.410866324
25.28115368	-3.453020173	-14.36708693	26.4321604	0.911415462	798.596679	566.1886724	1.410478022
25.3275277	-3.458676226	-14.39310196	26.48041977	0.911519964	798.0574005	566.0191899	1.409947604
25.37390171	-3.463860941	-14.41888133	26.52852203	0.911615758	797.3489411	565.7828748	1.409284333
25.42027573	-3.469988331	-14.44513203	26.57693851	0.911728969	797.2049315	565.7655406	1.409072972
25.46664975	-3.475644384	-14.47114707	26.62519788	0.911833471	796.3469596	565.5301249	1.408142422
25.51302377	-3.481771775	-14.49739777	26.67361436	0.911946682	796.1493971	565.4742238	1.407932252
25.55939779	-3.487899165	-14.52364848	26.72203084	0.912059892	795.8188104	565.3538322	1.407647326
25.6057718	-3.49308388	-14.54942784	26.7701331	0.912155686	795.0976581	565.1340021	1.406918811
25.65214582	-3.49921127	-14.57567855	26.81854958	0.912268897	794.7801328	565.0075253	1.406671765
25.69851984	-3.504867323	-14.60169358	26.86680895	0.912373399	794.1351109	564.751977	1.406166146
25.74489386	-3.510994714	-14.62794429	26.91522543	0.91248661	793.6189365	564.6312229	1.405552694
25.79126787	-3.516650766	-14.65395932	26.9634848	0.912591112	793.3707378	564.538213	1.405344615
25.83764189	-3.521835481	-14.67973869	27.01158705	0.912686906	792.7295769	564.2939857	1.404816633
25.88401591	-3.527962872	-14.70598939	27.06000353	0.912800116	792.3981726	564.2339306	1.404378804
25.93038993	-3.533618924	-14.73200443	27.1082629	0.912904618	791.7404023	563.9946058	1.403808466
25.97676395	-3.538803639	-14.75778379	27.15636516	0.913000412	791.0469108	563.804145	1.40305267
26.02313796	-3.544459692	-14.78379883	27.20462453	0.913104914	790.6003568	563.6450167	1.402656519
26.06951198	-3.550115745	-14.80981386	27.2528839	0.913209416	789.956291	563.3592801	1.402224688
26.115886	-3.555771797	-14.8358289	27.30114326	0.913313919	789.509738	563.2817201	1.401624995
26.16226002	-3.560956512	-14.86160826	27.34924552	0.913409712	789.0141291	563.0859291	1.401232189
26.20863403	-3.566612565	-14.8876233	27.39750489	0.913514214	788.3047534	562.8597475	1.400534959
26.25500805	-3.572268618	-14.91363833	27.44576426	0.913618717	788.1207566	562.8388753	1.400259988
26.30138207	-3.577453333	-14.9394177	27.49386651	0.91371451	787.3758346	562.6209129	1.399478435
26.34775609	-3.583109385	-14.96543274	27.54212588	0.913819013	786.8898576	562.4286566	1.399092753
26.39413011	-3.588765438	-14.99144777	27.59038525	0.913923515	786.3514665	562.2186859	1.398657651
26.44050412	-3.594421491	-15.01746281	27.63864462	0.914028017	785.9178649	562.033854	1.39834613
26.48687814	-3.599134868	-15.0430065	27.68658976	0.914115102	785.5829034	561.9323962	1.398002515
26.53325216	-3.604319583	-15.06878587	27.73469202	0.914210896	784.8650182	561.7436761	1.397194221
26.57962618	-3.609504298	-15.09456524	27.78279428	0.914306689	783.8730774	561.3519342	1.396402203
26.62600019	-3.615160351	-15.12058027	27.83105364	0.914411192	784.0793788	561.5123843	1.396370589
26.67237421	-3.619873728	-15.14612397	27.87899879	0.914498277	783.2481018	561.164487	1.395754934
26.71874823	-3.625058443	-15.17190334	27.92710104	0.91459407	783.00043	561.1525727	1.395343206
26.76512225	-3.630714496	-15.19791837	27.97536041	0.914698573	782.3449604	560.9340829	1.394718175
26.81149627	-3.635427873	-15.22346207	28.02330556	0.914785658	781.9051439	560.7469364	1.394399315
26.85787028	-3.640612588	-15.24924144	28.07140781	0.914881451	781.5657881	560.7048658	1.393898708
26.9042443	-3.645325965	-15.27478513	28.11935296	0.914968537	780.9697229	560.5061774	1.393329377
26.95061832	-3.650039342	-15.30032883	28.1672981	0.915055622	780.1139225	560.2211536	1.39251065
26.99699234	-3.655695395	-15.32634387	28.21555747	0.915160124	779.9916497	560.14997	1.392469323
27.04336635	-3.660408772	-15.35188756	28.26350261	0.915247209	779.1103826	559.8661673	1.391601115
27.08974037	-3.664650812	-15.37719559	28.31129064	0.915325586	778.9593322	559.8258511	1.391431515
27.13611439	-3.669835527	-15.40297496	28.3593929	0.915421379	778.4249487	559.6476423	1.390919732
27.18248841	-3.674548904	-15.42851866	28.40733804	0.915508464	777.7776115	559.4317822	1.390299293
27.22886243	-3.679262281	-15.45406235	28.45528319	0.91559555	777.4022311	559.2866684	1.389988847
27.27523644	-3.683975659	-15.47960605	28.50322833	0.915682635	776.7421914	559.1066292	1.389255914
27.32161046	-3.688689036	-15.50514975	28.55117347	0.91576972	776.1469906	558.8988429	1.388707456
27.36798448	-3.693873751	-15.53092911	28.59927573	0.915865514	776.0520427	558.8366866	1.388692012
27.4143585	-3.698587128	-15.55647281	28.64722087	0.915952599	775.3019127	558.6574483	1.38779482
27.46073251	-3.703300505	-15.58201651	28.69516602	0.916039684	775.1969425	558.6227822	1.387693032
27.50710653	-3.707542545	-15.60732454	28.74295405	0.916118061	774.5150249	558.2631714	1.38736543
27.55348055	-3.712255922	-15.63286824	28.79089919	0.916205146	773.9972663	558.1008622	1.386841194
27.59985457	-3.716497962	-15.65817626	28.83868722	0.916283522	773.6117519	558.0128984	1.386368943
27.64622859	-3.720740001	-15.68348429	28.88647525	0.916361899	772.9431438	557.800468	1.38569827
27.6926026	-3.726396054	-15.70949933	28.93473462	0.916466401	772.7012168	557.7300217	1.385439526
27.73897662	-3.730638093	-15.73480736	28.98252265	0.916544778	772.1226957	557.5476203	1.384855154
27.78535064	-3.734880133	-15.76011539	29.03031068	0.916623154	771.5442879	557.3747237	1.384246998
27.83172466	-3.739122172	-15.78542341	29.07809871	0.916701531	771.1070776	557.1988849	1.383899176
27.87809867	-3.743364212	-15.81073144	29.12588674	0.916779908	770.6313365	557.0805216	1.383339224
27.92447269	-3.748548927	-15.83651081	29.173989	0.916875701	770.2638443	556.9480712	1.38300837
27.97084671	-3.752790967	-15.86181884	29.22177703	0.916954078	769.8135737	556.757521	1.382672968
28.01722073	-3.757033006	-15.88712687	29.26956506	0.917032455	769.2609157	556.6033226	1.382063104
28.06359475	-3.761275046	-15.9124349	29.31735309	0.917110831	769.0662291	556.5085681	1.381948587
28.10996876	-3.765045747	-15.93750726	29.36498401	0.917180499	768.2870553	556.2690735	1.381142853
28.15634278	-3.769287787	-15.96281528	29.41277204	0.917258876	767.8749503	556.1518542	1.380692961
28.2027168	-3.773529826	-15.98812331	29.46056007	0.917337253	767.6923329	556.0807857	1.380541016
28.24909082	-3.777300528	-16.01319567	29.50819099	0.917406921	767.1048681	555.8949981	1.379945621
28.29546483	-3.781542568	-16.0385037	29.55597902	0.917485297	766.7433351	555.7951221	1.379543117
28.34183885	-3.786255945	-16.0640474	29.60392417	0.917572383	766.5436192	555.6777321	1.379475143
28.38821287	-3.790026647	-16.08911976	29.65155509	0.917642051	765.8543461	555.5089074	1.378653584
28.43458689	-3.794268686	-16.11442779	29.69934312	0.917720427	765.7211881	555.4441294	1.378574635
28.4809609	-3.798039388	-16.13950015	29.74697403	0.917790096	765.13369	555.2179517	1.378078082
28.52733492	-3.801338752	-16.16433684	29.79444784	0.917851055	764.5117047	554.9797923	1.377548724
28.57370894	-3.806052129	-16.18988053	29.84239298	0.91793814	764.4122885	555.0383366	1.377224307
28.62008296	-3.809822831	-16.21495289	29.8900239	0.918007808	763.7614697	554.801086	1.376640185
28.66645698	-3.813593533	-16.24002525	29.93765482	0.918077477	763.5415884	554.7076432	1.376475694
28.71283099	-3.817835573	-16.26533328	29.98544285	0.918155853	763.0013711	554.5682738	1.375847497
28.75920501	-3.820663599	-16.28993431	30.03275954	0.918208104	762.3956927	554.386368	1.375206421
28.80557903	-3.824434301	-16.31500667	30.08039046	0.918277772	762.440649	554.4116304	1.375224846
28.85195305	-3.828205003	-16.34007902	30.12802138	0.918347441	761.8531772	554.1651505	1.374776412
28.89832706	-3.831975704	-16.36515138	30.1756523	0.918417109	761.4930801	554.0652671	1.37437433
28.94470108	-3.836217744	-16.39045941	30.22344033	0.918495485	761.0914914	553.9317282	1.373980678
28.9910751	-3.839517108	-16.4152961	30.27091414	0.918556445	760.5201701	553.7005848	1.373522425
29.03744912	-3.84328781	-16.44036846	30.31854505	0.918626113	760.4620569	553.7217547	1.373364963
29.08382314	-3.847529849	-16.46567649	30.36633309	0.91870449	759.9970022	553.5362295	1.372985112
